novoban-001	dldluluurdldrdrruulrddlluluurd
novoban-002	luuluurddddlddrulurdrruuulrdddllurdrulluuluurdd
novoban-003	lddruuddrruldlluurdldrrululuurdddrdl
novoban-004	rdlulluurrddrddluruluulldddrluuurrddldlurrrdll
novoban-005	rruuuldrddllluurrurddulllddrrurullrdddruu
novoban-006	rddlldluuuurulddddrrruuldrdlldluuuuruulddddduuullurrurdldddrrdru
novoban-007	luddurdrdruudlluulldrrdrrulu
novoban-008	uuullldldrrrlluurrrddrdllddlluuurrruullldldrrrlluurrrddldrullldr
novoban-009	rulurulllddrluuuldldrurrrrdddluurullluld
novoban-010	uururuurrddldllldlluurdldrurdrurruruullddrdllldlluurdrrdddlu
novoban-011	rrdrruldldllrrruulddllulldrrrrdruluurrdlulduulldrrdrrul
novoban-012	urdurrdlldlddruululuurdddruruldl
novoban-013	uuuulldldrrluurrdddrdldlluuurruulldldrrldddrruuuudllddrdruuu
novoban-014	uurrrdrullllddrulurrruurrdluldrdlllrrddruuluurrdluldrdll
novoban-015	ldddrurrdlluluurdldrdrruldldluuurdldr
novoban-016	lrrddluruldllllulldrurdrruuluurdddrdrruldllllulldrrrrrrllllddrddllurdruluuurrrruldluuluurdddrdlllulldrurddddrdl
novoban-017	ldlldrururrdrrdullulldrrlllldlddrrrruuddlllluurrururrdllrdddlllluurrrlllddrrrruuddrrrruulllrrrddlllllllulurddrrrrrrurul
novoban-018	ruurrdlruuullllddddrrdrullluuuurrrrddlldurrdldllrruuldrruuulllldddlddruuuddrrdruuruuulllldddldrrruurdruudlldddruulurdru
novoban-019	rddlruuldlllullddrulurrdrrrrddlludrruullllulldrrrrrlddrruulllluurdldrrrldr
novoban-020	rdrrddlldluddlluurlddrrruurruullulldduurrdduullddrdrddluuddlluuruuurrdrrddl
novoban-021	ulddddldrrrurrddluluululuurdldddldrrrrluulluurdldddrruulrddlluuurdrddrdrrulululllddrrurulluldruuuldrddrrdrddluruldlurull
novoban-022	ddrddrruulldddlluuruuluurddduurrdullddrddrddluurruullrrddlluddlluuruuddlddrrruruuluulluldrrrddl
novoban-023	rrrululddllddrrruulllllururddrrrddlllluurdurrrruldllluuldldrrrrrurrdllllrdruuuld
novoban-024	ulllddllurdrururrdllldllurluurdrrlllddrulurrlddru
novoban-025	luuluurrrddlldlurrruullddlddrrudlluuruurrddlddlluuulurrrllddddrruulrddlluuurulddddruuu
novoban-026	urdllddrruuddrruululddullddrruuuuldrdddlluururrdrddlllrrruululddurrddll
novoban-027	ruuludllurrdrddlludrruululldrddrruurullruuldrddddlluurlddrruuuuldrdddlluururddulllurrurdrdlluldd
novoban-028	lrdrruluullddrddllluurrduuurrddrdllruuullddrddllrruuldrdluuuurrddrdlluld
novoban-029	dlurrrrdrrullllluurdldrrrlluullldrurrddldlurrrrdrrulllllddrulurrrlluuldduulldrurrddrrdrrullll
novoban-030	rrruullldurrrddlldllluururrdulldrduurrrddlldlurrruulllldlddrluururrrrddlludrruull
novoban-031	llddlruulldlddrurruulldurrddrdrrullluurrdulllldrurrrdrddlluludrdrruulullldllddrulurrurrrdrddllululurddlullddrulurdrurdrdrrullllullddrulurrdru
novoban-032	ddlruuldldurrdldlruuldllurrdrruuldrdll
novoban-033	drddrdllullddrulurdrruuuullldrurrrrdluldulldddlddruuuulurrrdrruldlluldddlddruuuudddrruldlu
novoban-034	dllurrruuldrdluuulldrurddrurulddddrruldluulurdddludllurrruuldrddllurdruluuruldddruddrruldlu
novoban-035	ddlluuurrdluldruuuldllddrrurrdddlluururdlllluurrurdlllddrrudrrdullurldlluurrurd
novoban-036	ulldurrdldlruuldrddllluurrurdlllddrrudlluurrdlruurrdluldlddrruluurrdluld
novoban-037	rdlrddluddlluurruruuldddllddrruruuddldlluurruuldrdddlluururddruluuurrdluldddruluurrdluldd
novoban-038	urrllddrrrllluurrdullddrrurrulldddruluruuulddrddllluurrllddrrruudddrrulluurdlddrruluulluurdd
novoban-039	rddlruuldldddrdlldllururlddruruuulurrrdluldddrdlldllururlddruruuulurddddllurdruuurruuldrdluldddrdlluldrdl
novoban-040	dddruuddrrulluluurdrdulldrddluurddrruldlluururdllddrudrruluululdrrdddlluruddrruldlu
novoban-041	drrdrruuulldrurrddluddlluudllurrruuldrdlddrruruuldllurlddllurdruruuldddurrrul
novoban-042	rullldrlludddruluurrdluldruuulddrdddllurdruuuldrrurrdllluluurdldrrldddllurdruuuluurdldrldrddllurdruu
novoban-043	dllldluudrruuulluldrrrdddlluuddrruuullrrdddrruulrddlllluuurrdduullulldrrddluruulldrurdlddrdrruurrddllldlurruuulrdrdrdlll
novoban-044	ldldlulurdrrurrdllldlurddrruurrdlulllddrrudlluurrlllluurdldrdrdrruululrdrdrrululldrddllulurlluurdldrdrdrruuullrrdddllululuurd
novoban-045	ulldrurrrddllulurddrruullrrddrruldllluurrurddrdllruullldllurrrrlldddluruulldrurdurrurddrddluludrrululrddlu
novoban-046	ldddlluururdurrdlulldlddrrruuruldddllluuruuurrddduuulldddrluuurrddldlurrrdlulldlddrrruuruluulldurrdddlrddlu
novoban-047	ddlululluullddrrdrruldlurrddrruullddrulllulluurrrrdduullllddrrdrrlluuddrruuulllrddlluurrrrddldluudrruulllrrrddddrruullldluudrruullrrddddrurullldluu
novoban-048	ruulllulddlddrurudllururrrdrddluurruulddulllulddlddrurudllururrrrdrulllllddrulurrrdrrullllulddrdluldrruurrdddrulur
novoban-049	uudlluruurrdlulddldrdrruulrdrrullddllurudlluruurrdulldddrrlluuurrdluldrrdulldurd
novoban-050	dddrdllullddrulurrdrrurrdlllluruuurrdluldddrdrrulldluuuddlllddrurrruluululldrurrrldddldllurrdruuurullldrurdddrdllullddrulurrdruuurullrdddrrrdllllullddrulurrdruuulur
microban-001	dlurrrdlullddruluruuldrddrruldluu
microban-002	rddlruulduullddr
microban-003	ruullluldrrrrddlurulllddllluurrdrdluuurdd
microban-004	ulldlurrrdllulllddrrrurrddlurul
microban-005	lulduurrrdlrrddlulldrldllur
microban-006	ulldlllluldulldrrrrrrdrrruulldurrddllllulllllddrrudlluurrrrrrdrrruulldurrddlllullllddlulurrrrrrdrrruulldurrddll
microban-007	rruuuulduulldrllddddrruululdddrudrrrul
microban-008	llddddddldddrruuluuuuuuurrdlulddddddlllddrruddrruulrddllulluurrllddrrdrruuluuuuuulurddddddlllddrrudlluurrdruuuuuu
microban-009	urrdulldrdrluurdrddluruldlurul
microban-010	rddrruullddrrrruullrruuurrdddllddlluurlddrruuuuddllddlluurrrlddrruuudllllddlluurrrrrlddrruu
microban-011	ulllddddrrrruldllluuuurrrdddrdllllullddrulurdrudrrruuldrdlllullddrurrruuruullldd
microban-012	uululldrdrluurdrddrddlluruuulldrurddrrrddlludllur
microban-013	dddruluurdlddrddluuuuruldludrdddrrrulldluuuruldrdlddrruldluurul
microban-014	uulllldddrrulluurrrrddllldlurrrruulldurrddlldllurruulld
microban-015	drdddlluuddrruuulllldllurrrrdddrruulrddlluu
microban-016	lddrudrrulldluuurullluldddldruuurrrdrrdulldddrrrulldluuurullluldddlddrruldluruuurrrdrrdldluurulllulddddldr
microban-017	drdulldrddluuddrrruluddluu
microban-018	ruuuulllddrrdruudllluuurrrrdllrdddddluuruuuullldddrrdruudllluuurrdlurrrdl
microban-019	urrdddlddruuuurullldrurdddlddruuuullllurr
microban-020	urdddrrruullllrddlddruuudrrruullulldrrrlulllldrrrr
microban-021	dllludrulluurdrddlu
microban-022	drrruuldldluuulurrldddrrrdlldluuuuruldddrruruul
microban-023	ruullurdrddldluudrruululldrddrruurullrdddlluururddulllur
microban-024	ullddlddrruluuurrdluldddullddrruuld
microban-025	urrdlluluurdldrdrruulrddlluluurdrrddlldlu
microban-026	drddludrddluulldrurrddlurulruuulldrduurdd
microban-027	dlulddlluuuurrrdulllddddrruulrdrruluullldddurrdruu
microban-028	rdulldrddrruldluuluurrddldruuuldd
microban-029	ullldrurrdrrddllllllluururrdrrrlulllldlddrrrrrrruuuuruldddllulllldrrrrrllllllddrrrrrrruuuruulddduuuulldrurdd
microban-030	urrdlulluurdldrlddrruruulluldrrrddldlu
microban-031	dldrrluurlddrdrruulluld
microban-032	ulldullddrururrdlllddruluruuldrrrdl
microban-033	ullldlurrrrddllrruulllldddruluurrdurrddlllruullddrrul
microban-034	drrrurldllurrluurdldllurddrrrrruullluld
microban-035	lluluurdrdluuluurdrddlddluuuurrdldluruuurddldddddrruldluluurrdldluuddrdrruldluuruluurdddlddrruldlurul
microban-036	ldlllllllllluurdldrrrrrrrrrrllllllulldrrrrullldrrrrrullldrrrrrullldllllllluurdldrrrrrrrrllllluldrrrulldrrrrulldllllluurdldrrrrrrllluldrrrulldllluurdldrrruldlluurdrrrrdllurrrrrdllllurrrrrrdlllllurrrrrrrdllllll
microban-037	drruullulldrrrlddrruuuuddllullullddrrrrrlddrruuudllulluldldrrrrrlddrruu
microban-038	llluuurrrdduurrrrddlllrrrddlllullrurr
microban-039	ruullluullddrluurrdddduurrrddlurullluullddrrrrurdldrulllddllddrruuuulluurrdullddrrrrdruddrrul
microban-040	udlluruurrddulduuldd
microban-041	urrrdulldrurrdddllluluurrdrurdullllddrdrruruuldullldrrrurd
microban-042	rdddldllluurrruruuldddlllddrrruruuddldllluurrrurduluurdlddddludlluurrr
microban-043	ldddlldldlluurrrrrdruuldllldddruulurrrurdllllddlulurrrrruuurd
microban-044	r
microban-045	luluuurrrdlullddddrrruluurulddddlluuurldddrruuuddldluuu
microban-046	dlluururdrulldlddrrudlluururrdlddlluuluururrrdd
microban-047	rrruuulldrrddlllluurrrurddullllddrrrrrrdrrullllllrruuurrdlulddulllldddrrurrlldllurr
microban-048	rdddurdllruuulllddddruudrrrrddlludrruulllruuulllddrduluurdurrdddddrurulll
microban-049	ldddrluuurrrddldddldrrluuullurluurddldruuurrddldddlddrruldrrruldlluuuulluurdldrurddd
microban-050	llulddulldrrrurrrrdddllllluulurrldddrrrrruuulldllrrurrdddllllluururrrllldllurrrr
microban-051	rddlluluruldlluurdrdddrrruulrddlluluurdullldrr
microban-052	ddlruuldlldddrrdrulluulurrurd
microban-053	ruruululldlddruudddrruruullrrddluudddllurdruu
microban-054	drururrrdruuruulldrddllllddrulurrrdruudlllluldrddllulurrrrrrdrruuldurruuldrdldlllllddlulurrrrr
microban-055	drrrrddludrddluuruulllulldrrrrurdddldrrlulurulllulldrrrrurdddldr
microban-056	uullulldrurdrddlluruuld
microban-057	dddrdrllrrrulldluuuddlldrrruluuruulddddldrurrrddlurullldrurdllllurrr
microban-058	luluurdrdulldrddrruruullldddrruludrruulldddlu
microban-059	ldllllldrrllddluruurrrrruullllllllddddrrdrullluuuurrrrrrrrddlllllldrurrrrruullllllllddddrrdruulurrrrrrurdddrddllurdruuluulllldlullddrulurrrrrrurdddrdluuurdduullldlllullddrulurrrrrrurddd
microban-060	urrrrrrdddllulldrrrllddrddluuuddlldllurrrlluuluuruurrrrrrddddduullulldrrrllddrddluuuddllluuluuruurrrrrrddddullulldrrrlldddllluuluuruurrrrrrddduuullllllddddduuuuurrrrrrdddllldddlldllurrrlluuuuuurrrrrrdddlllddrddluuuddllluuuuuurrrrrrdddllulldrrr
microban-061	lddlddrruldluruuuruullllldddddrrrdruuuddlllluuuuurrrrrddllrdddllurdruudlldlluuuuurrrrrddldddrruldluu
microban-062	llllulldrrrlldlllrruuldlddlluurrrrrrllllddlulurrrrrldlullddrulurrr
microban-063	llllllulllllllulldrurdrrrrrrrddlurulllllllulldrrrrrrrrurdldrrrrrrlllllullllllddlurululldrrrrrrrrdrudrrrrrdrrullllll
microban-064	ldlluululuurrrddllrruuldrdldddrrurrdllldluuuuruulddddduuuuulldrurdddduluruulldrurddduullldrrurd
microban-065	uuuulrddddlluururddullddrdrrulllldlurulurrrurddullddrdrrulllullddrulururruruulddrdddllluurrurddulllddrrdrrulllrruulllldddruluurrruuulldrrurddddullllddrrrdrrulllldlu
microban-066	dddduurrdrddddldlruruuuulullddlddrdddldruuuuluuruulldlddddrdrluluuuururrddlddrddrdlddruluuuuuuu
microban-067	uurrdrddrddlludrruullruuldduuullddrrdrrddlluluruuullddr
microban-068	luuurrrrdrrulllllulddlddrrruuddllluururrrrdlullldlddrrruuddllluururrlldduurrdrrulllulddurrdrrrrullllluld
microban-069	urrrurrrdrrddlluurullluldrdllrrddllluuudrrurrrdrrdldluurullluldrdllrrddllluluurdrrurrruurddlddrruldlurullluldrdddlllluurrrlldldrrluuuluurddldr
microban-070	drrrrddlurullldrulullddrddldrurduluuluurddddldruuuurrdluldddduuuurrrrdlllulddd
microban-071	urdduulllddddddrrrrrrrrrruuuuulllddllldllurrrrdruudlllluuullldrrurddullldddddrrrrrrrrrruuuuullulldrrrllddllldllurrrrdruu
microban-072	llldddrrddlulldlluurddldruurruuullurrrrllddddrruldluuuluurddddrdlldlluurddurruuuurrdrrulllldllururddddrdlldlluurdldrlddru
microban-073	uulllluurdddurrrddddlllluuruurruldlluurdldrrlddlddrrrruuuurullldrurdddduuulllddlddrrrdrrulllldluudrrrruuuulllluurddd
microban-074	luldddrrlluurrdrrrurrddluruldllllullddrddrruuddlluuluurrdrrrrurdlllurrlldllullddrrlddrruulurrrurdlllldllldrurrrddllulurrlddrruulurrrr
microban-075	ddllululldrrdrrruulllldluulurrrllldldrrdrruldluulurrldddrrdrrurulllldluulurdddrrdrurullldluu
microban-076	ddrdrdrrrruuldrdllldluuluuuuurrddddldluuuulurdddddrdrrruuuuurrdlulddddrdllldluuluuuuuurrdddddldluuudddrdrrruuruluurrdlulddddrdllldluuluuuluururrdddddldluluuuurrurddduulllddrulurrurddulllddddruuulurrurd
microban-077	ddddrruldluuuludrddrrrrruldrrruldlllllluururrrrrddrdlllllrrurldlldlluuururrrrrddrdlllurruullllldldddrruurrrlllddlluuururrrrrdduullllldllurrrrrllllddddrruldluuulurrrrllldddrrurrdllldluuulurrrlldddrrurrrrrdlllllldluuulurr
microban-078	uurruurrddduuullddllddrrrrrrlluuuullddrluurrdddullllddrdrrrrullruullururdddullllddrdrrurrluuuulllldldrrrrurddullllddrdrrurldllurlluuurrrurddd
microban-079	llldllurrrrrdrullllluurrrdulllddrrrrluullddrrdrrrullllrrrruuldrdll
microban-080	lddrrruulrddluuuuudllluuluurdrrdrrrurddulllddddddllurdruuuuudllluuluurdrrdrrrdruldddruluulldddddllurdruuuudllluuluurdrrdrrrllddllluulur
microban-081	luuurrdldldddrruluuuruullddrddllurdrudddluulur
microban-082	drrruuludrrulullulldrddlddrrrruuuulluldrrrddlurullrddrddlllu
microban-083	urruuuululldddddrrruuludrddllluuurrlluurrdrddduuululldddddrdrrrullruuuulullddrruuldrddrddldldluuuuuddddrruruuluuullldrurrdrddddrdlluruuuulullddrrurddddrdluuuullldddrrrlllddruluuuurrdrdddluruuuululdldrrurddddldruuuulllddddrlur
microban-084	drluurdrdduuruluullllddddddrrrrrrdrrullllllldluuuuuluurrrrrdddllurdrdddlllluuuuluurrrrrddddduuuuulllllddrddddrrrrrrdrrullllllrruuulldrurdduuuuulllllddrdddddrrurrrrlllldlluuuuuulurrrlldddddddrruldluuuuuulurrlddddddrrrrrrdrrullllllldluuuuuulur
microban-085	luuuurrurrdrullldrlllurdrrurrdllllulddddldrrlddrrrruuuullddlluuuurrrurrrrdllllllulddddldrrrrlllddrrrruuurulddlllluuuuurrrrrdrruuldrdllllllulddddldrrrdullddrr
microban-086	urlddrrrurruulldldrdlldlluurdldruuurlddrruruurrddlldllluurrdrdllruullddrrurrruulldurrddlluldrdllruulurddrrruululddurrddlluldrdl
microban-087	lurluurdllluruulurrrrdrruuldrdlllullddddrruldluuulurrrrdrruuldrdllullldddddrdrudrrulldluluurrdldluuuulurrrrdrruuldrdlulllldddddrdrruldluuruldluuulurrrrrurd
microban-088	rrruuldrdlldllurrruuruuuuurrdddddddldluuuuuudldddrdllrrrruuuuuuullldddddrddlldllurrruruuuuluurrrdddddddldluuuulddrdlldllurrruuuuuuurrrdddddddldluuluuuurulurrurdddddduuuuulllddddruuulurrurdddduuulllddddddruuuuulurrurdd
microban-089	ddddruluuuurrddlruullddddrdldlluuuuurldddddrruuuurruullddddruluuurrddlruullddulllulldrrrrldddddrrruuldldluudrruruulddrdlldlurrrdlluruuurruullddddrdll
microban-090	rrrdlddldrllllurrdrruuuullldduurrrddddllllurdrrrurrdllllluuurrurdddrdluuulllddlldrr
microban-091	rrdrrruuldrdllrulllullllddrrurrlldlluurrrllldrrr
microban-092	uuullllllrrddllullruudrrrrrrruurrddlruulldddduullllllldldllurrrurrrddllulurrrrrrruurrddlrddlluuddrddluurruullllllllluluurdddrdlldllurrrurrrddllulurrrrrr
microban-093	ullrrrrldddulllrrrrrddldluuuuuurldddrrdldluullddllurdrulurrlldllurrruuuulllddrrluurrdddullururddrrururrddllllrururdrdllluruuldd
microban-094	rdrrurddduulllulldrrrrllldurrrurrdlddllldlluruurrrurrdllllrrrddrddlurullruulllulldrrrrurdddrddlurul
microban-095	rrrdrrddlddllulluurdlddrrurdrruuluruulldl
microban-096	llrrrrdrddlldluuuuuuruldddrrdrrulllrdrddllluuuuuruuldddddduullulldrrrrrrdrrulllrdrddlldllurrrlluuuuuruuldddduuuulldrurdd
microban-097	drrlluurrrrddddldlluuluuurrruurdrrrrrrllllllldllldddrddrruruuuulurrrrrrllldlulldllldddrddrruruuuulurrrrrllllldllldddrrurldlddrruruuuulurrrrlllldlllddrrrlldddrruruuuulurrr
microban-098	lldlluuuulllllululldrdrrrrrrurddddldrrrrdrulllluuuullllllluurdldrrrrrrurddddldrrrdrullluuuullllllddrddluuuuluurdldrrrrrrurddddldrrrlluuuulllllldddllururuulldrrrrrrrurddddldruuuullllllldddruulurrrrrrurdddlddruuuudddddrruldluuuuddddrrrrullldluuuddrrrrruuldrdlllldluudrrurdrruuldrdlllldlu
microban-099	rdrrrrrrddrrrruuulurrdrruruullddllddddrrrrrruuldrdllllllllldluuuruuldrdllllllulllddrrurulluldrrdrrrrrrddrrrrrrurrdrruuldrdllllllllldluuuruuldrdllllllullllddrrrurullrdrrrrrrddrrrurrrrrdrruuldrdllllllllldluuuruuldrdlllllluulllldddrrrurrrrrrddrrruruuurrrdlluldddrdlllldluuuruuldrdlllllluulldrullldddrrrudllluuurrrrdulllldddrrrurrrrrrllllluulldrurdldrrrrrlllluulllldrrrurdldrrrrlllldllulurrrurdldrrr
microban-100	lddrduluurdrrddrrdluluurddrddlluurrdluuullllddrulurrrurddduullllddddruuluurrrrddlurulllulddduurrrddrrddlluurrdluuullllddrulurrrurdddlurulllulddurrrddrrddlluuurullluldrrrddrrdldluuurulll
microban-101	ruullllddllddrrurruudrruuuulluullddrddrrlddrrrruurruulldllddullddddrrddrruuluul
microban-102	rurrurrrddddlruulduruuldllldllluurrdrdlldlurrurrrrrddlurulllldlllluurrrdrdllrurrrrddrddluuurulllldlldlluuurrrdrddllululurdddluuddrrrrulldluudrrurrrrddddllurdruuurulllldlu
microban-103	ulldlllddrrurulruuldrddlddruuuulddd
microban-104	ulllldurrdulldllurrrrurrdddldllluuddrrruruuulldllrrdduulldddrrurdllluullurrrldddrrurruuulldddrdlddruluurruululddd
microban-105	lddldllurrruulddurrrdluuuurrurrdlllddrulllurddddrruddrrulluluurdduullullduulldrrdrddluudddlddru
microban-106	urrrrrdlllulldddrrrruruldddrrddlluuuudllldrrurdullllldrrrulluuurrdluldduurrrrrddldllldlluruuurrrrdllullddddrrurruddrrddlluuulldrrllllurrlluuurrrrrdlullllddddrrrruuruullldluldduurrrrrddlddlllllurrluuurrrrdllullddddrrrruurululldluldduurrrrddddllllluruuurrrrdlllulddurrrrdddddrruulrddlluu
microban-107	llluruuldrddllluurrurdllluuurrddrdluuulldr
microban-108	rdrrrrrurdrruruulullddduuurrdrddldlllllllulllddrrudlluurrrdrrrrrrrulrruululldddrdllllllulllddrrurullrddlluuulurddrrdrrrrruruuurrdluldddrdllllllulllddrrurullrddlluuudrrdrrrrruruurrdrdllruullddrdllllllulllddrrurullrddlluluurdrrdrrrulllllulduuurdlddrrruulluld
microban-109	ruurrddllrrddddddddlluulurrldddrruuuuuuuulluulldddddrdululldrdrdrrrllluluuruuuurrddrrddddddulllluluurdrdulldrdrrrllluuuuuuurrddrrdddddlllluurdldrrrlululuuuuurrrrddddduuuuullllddrrrluurrdddd
microban-110	luruuurrdlullluurdldddllurdruurrddllrddrulululldrururuuldrdrdrrul
microban-111	drluluurdrllddrruruuuurulllldrrrddddldlluurrdruuurullllrrrdddlddlulurrdruuurullrddddrdddlluuulurdruuuruulldrdddlddddluuulurrdruuuulurdddddrdlullddruulurdruuuululldrrululllddrrrlllurrr
microban-112	rrruuuuruullldllluururrdulldrllddrrurrrurdddrdlulddddrdllldlururruuuuruulllldlluururrdulldlddrrurrrurdddrdlulddddrdlllurruuuuruulllldddruulurrrurdddrdlulddddrddlurulldldlluuurrdulldddrrururuuuuruuulldlldlluururrdulldlddrrurrrurdddrdlulddddrddluruluuuuruuulllulldrurdldrrrurdddrdlulddddrddluuuuuddddlldllurrrrdrullllluurrdrlulldrrlddru
microban-113	rrrddrrdululuurdrdrlldlurullldlurulllrruulllldddrurrdrrrrddrdrruldluurulllldluuudlllluurrururrddldddrrrddrrrrulldlurulllldluruldrrrddrdddruuurulldlurulllulduuuruulldldllddrrrllluurdldruurr
microban-114	dddldlluuuuddddrruurrrdlurrrdlullluuruldddlddlluuuurrllluurrrdrdduululllddrddddrruurrrrllllddlluuuurruulldldrddddrruldluuuudddrrurrdllurrrrdllullddlluuuuluurrrdrdduululllddrddddrruurrrlllddlluuuurrurddulllddddrruurrluuululldldrrrllddddrruldluuuudddrrurrdlldlluuuurrurddulllddddrruuruuululldldrrrurddullldddrdru
microban-115	dlluuulurrrdrrruulldldrrrrlllulllddddrrrruuddlllluuuurrdrrdddlluldluuudddrrrrullrruuluurrdrdddlldlllluuulurrrdrrddrruuululldurrdrdddlluulrdddlluldluuulurrrllddddrrrrurruuululldllldddrrrdruudrruuurrdl
microban-116	drrrdrruuruulldlldlrurrrdddlluurlddrruulllurldldrurrrddlluulldllurrdru
microban-117	lllllddrrrdrddludlluruddrruulullldllurdruulurrrrrllllddrrrdrddlluurullldllurdrurrdrrdldluruulllluurrrrrdrdrddllulullllldddrrrllluuurrrrrdrddluludrrulullluldrdluldurrrrrddlurullluldldrurrrddldllludrrrdruuurulllulduuurdrrrrdrrulllllluld
microban-118	rrruuuulululldrdddduuurluurdrdrddddlldllurrrlluuuuurrdrdddrddluuuddllluuuuurrdlrrdduululldddduuurrrddlurulddrrddluruulldrddlldllurrrlluuuuurrdddrdrddluuuluululdddduuurrddrddlldllurrrlluuuurrddrdrddlullluuuuulldrurdddduuurrddrdrddlururulddllldllurrr
microban-119	drddrruruuuululllddlddrrruuldddulluuruurrrdrddddldlllruulluurdrrulddddrruruuuululllddldrurddduuuluurrrdrddddldldllurldllurdrruuuulldrurdd
microban-120	lluurrrrrrurdddrdlllrruuulllllllddrulurrrrrrurddullllllddddldrlddruuuuuluurrrrrrrdrddllldlldlrurrurrruululllllllddrdddrrurruuldrrrruululllllllddrdddrrururrrruuldrdllluldrrruuulllllllddrulurrrrrrurdddrdlllrruuullllllddddldddruuuuuulurrrrrrurdddrdll
microban-121	lluuuruulldrddddrrrrdrullllluuuuurrruulllddddddldrrrrllluuuuuruldddruuldddddrrrdrrulllldluuuuruulldrddddrrrdrrrrulllllldluuuuulurdddddrrrrrrruulldurrddlllllldluuuu
microban-122	lluurddddldrrrrrrurrddlurullllldlluuuuuluuurrdrdrddlulrruullduullddrdddddldrrrrrrurrddlurullldlllluuuuuuluurrdrrddllrruullullddrdddddldrrrrrrurrddluruldlllllluuuuurrruuldrdllruulullddrdddddldrrrrrrrurdlllurrlldlllluuuuurruuldrdluldddddldrrrrrrurdllllurrrllldllurrrr
microban-123	ddldduuruuldduuruuldulldrrurdddlurulddrrdddlluuudrurddullddrrrrruurrddldluuuulurrlddddllluuuluuullldrrurdddldrurddullddrrrrruurrddldluuurululdrdddllluuuluuullllldrrrrurdddldrurddullddrrrrruurrddldluuuruulldrurdldddllluuulluruulldrurdddldrurddullddrrrrruuurrdddldluuuurulddddllllddluuuuuuruulldrurdddldrurddullddrrrrruuurrdddldluuuddrruuurul
microban-124	urrdduulldrullldrdddddrrrrrrrrrruuuuulllddllldllurrrrdrruluurrrdddddlllllllllluuuuuurrdlurrrdlddrrrdruudlllluuulldrullldrurrrdduulllddddddrrrrrrrrrruuuuuulllldrrlddllldllurrrrdruudlllluuullldrrurddullldddddrrrrrrrrrruuuuuulldrullldrrlddllldllurrrrdruu
microban-125	dlrrddlludrruuluululldrddrdlllllldlulurdrrrrrrrdrruuluululddduurrddrddllulllllldlluurdrrrrrruuurrddlruullddrdllllllluldrrruldrrrurdrruruullddrdllllluld
microban-126	ulllllldduurrrrrrdddlllluulurrrrllldddrruulrddlluululldrrrlllldddrruuuruldlldrlddrruuurrddrruululrdrddlluuddrrrruululrdrddlluurrrul
microban-127	urrrdrrulllluldrrrruulluurdrdddllluluurrdrluurdrdduulllldddrrrdrrullllrrruuurrdlulllllddrdrrruuddllluluurrdrulllddldrrrrdrulllllddrulurrrr
microban-128	rrurruulllulldrrrllldllurrurrddldururrurrdlddlldlluururrllulldrrlddddllurdruuuruulldldruurrdllrd
microban-129	rdrrurdlllulldrrrrlllldllurrurrddllrdururrddldlluululldrruurrdllrrrrddldlluururrurrddlruulldlldlddrrurudldlluulurrlddddllurdru
microban-130	lulluurrdrrrrdrruuldrdlulllllulldrrrrrrlddrdrrruullulllldlddruulurrrrrdrruuldrdlulllllllldrrdrulurrrrrllddrdrrruululldrurrdddlllulur
microban-131	ddldrdrluurlddrudddluuuuuulurddddrrrdlldluuuuuluurrdluldrddddrrruuldldluuuddrrrdlldluu
microban-132	drrddlludrruulluldrddrrrruldrrrulldlllluurrdullddrrrruldllluurrdullddrrrlllddrrudlluuuurrdrdllrddlluuudrruullrrdrrrrddlurullldllluurrdrdllrddlluuudrrurrrdllllrddlluu
microban-133	uurrrrrdddllullrrddlluluuddrdrrurruuullulllldrrldddrdrruulldluudrrrdrruuullulldrrulllldrrlddrrrdrrulllldluuulurrrllddddrdrurulldluuulurdddlldrrurrddluruldluu
microban-134	ruuuullrrdddrrdllldlurrrrrruuuuruuldddddrdllluuuluurrlldlllulldrrrrdddrrdrruuuuruuldlllddldrdrullddlluuudddrruuuullrrdddrrdllldlurruuuururrrddddrdllluuluulllulldrrrrdddrrdrruuuuulllddlddrruldluddlluuudddrruuruulllulldrrrrllddddrrurrdrruuuuullldduurrrdddddlluuldrdllldluuuudddrruruuulllulldrrrrllddddrrrrrruuuuullldddrddllurdru
microban-135	dlddrruuluulllldddrrurrrddllulurrrrrddlluurrurddulllluullddrddrruuluulllldddrrurrrddlludrruurrddlluuluullddrrrrlddrruullluulllldrurddrddrruulllullddrrurrrddlludrruurrddlluuluullddrrrrrdrulllllddrrr
microban-136	rddllrruulllldlluruurrrrdulllldddrruldluldddrrrurrruulllldllurrlldddrrrurrruuluullllddldruuurrrrddlllrrrrddlllulurdddllluuurldddrrruulluldrrruldrdrrruuluullllddldruuurrrrddlllrrruullllddrrddrrurulllll
microban-137	rrurruulldlruuldldddrruululddurrddlllldlurullrddrddrruuddlluuurruurrddlllrdddlluuluurddurrrrurruulluldrdlulddurrddlllldlurrrdddllllluuuluurdrrdrrrrrurrulllulddurrddllllrrdddllllluuuluurdrrdrrrdddlludllluuulurr
microban-138	rrrdddrrddrruurululldldluuurullulddrrddrrurrdllldluuurulluldrdlrrddrrrrdddllluuddrrruuullldluuuruldludrdddrdruddrruuullldluuuruldlluullddrrrruldllluurrdrdlrrddrrrrdlldluruldluuulurllullddrrrlllddrrudlluurruuurd
microban-139	rddduurrrdrdlurrrllddrruldluluulllddrrrrlllddluuudrrruullldluuuurulllulddrrrddddrdddllurdruuudrrruullldluuuurulldlluurddrrddddrdrrrrdrrullllldluudrrruullldluuuurullluldldrrurrdddddrdrrrrruldlllluurrrdrdllldluudrrruullldluuuurulllrrdddddrdrrrrrrrruuldllldlllluurrrdrdllldluudrrruullluluuulldrrddrddluuuulurddddrrrrdrrrrrdllllllldluudrrruullldluuuullllurrlldddrulurrrllddrulur
microban-140	ddrrrururururrdldldldllllulldruuulllddddrdrrruuuuluurrdlulddrddrrrrururuuldldldururrdldldlllluullddrluuullddddrdrrruuuuluurrdluldrdddrrrruruuldldurrdldlllluuulldddrluuullddddrdrrruuuuddlluuururrdldddrrrruuldrdllllddllluluuuurrdddrluuullddddrdrrruuudlluuururrdlllluldddduuurrdddrruuddlluuururrdllllulddduurrrrddlurulllulddurrdrddluurulluld
microban-141	luuruuddrrddrruulllllrrrrrdlullluuluurdrrrdddrddluuuuudddllllddlluurrrrrlluuluurdrrdrddrddluuuuddddlurullllddlluurrrrrdruudllllddlulurrrrrdrullluulurr
microban-142	urddlluuddrddruuluurdlddrulullldrrurdrddluuluurrddulldllurruruulddrrddluudluuurddrdrrullddllururrdldlddruulluurduluurdldddllur
microban-143	rdrruluullrrdddldlluurrluuuuuullluurduluurddurrddddddddurrdduulluuuuuuullldddrrlluuurrrdddddddrrddlddlluuruurrddrdluuullddrluurrddllldlluruurrddlruullddldruuurruuuuuurullrdddddddddrruulrddlluuuuuuudllluurduluurdrrddddddddurrddlllruulldd
microban-144	rurruurrudulldddlldlluuluururrrurrddulddddlldddruluurrrddluuuuudddddlullluullldrurrdddllurrrrrllllluruuururuuldrddllluurddddduuuuururdulddlddddlddruuuuddllurddrrrrrdrruduulrddlrullllrrddlururuuuuruuldddduurrdl
microban-145	lddddulrdldrrldurdruudrlurullrddlluluururrduldlldddlluurlddrruulldrrdrdrrddlluuddruuruururrddllrrull
microban-146	urruulllldlddddrdrruuddrruruulduuuulllddrrrurdlllurdrddludlddruldlluruuuddddrruldlulluuuururdrdddduulludd
microban-147	lllllldddrrurdulldluulurrrrrrdrrruulldldrulllllldddrrrrddldlluuuruldluulrlurrrrrrddrrruuulldllllllddddrddrruurullldluuulurrrrrdrdrrruuulldllllllrrrrdrdrudrrulldlurrruulldlldrrrdru
microban-148	lullllddrdrdrrrruudldlllululuurrdrrrrurrdlllldlurrrdddrruldluudldlllululuurrdrrrrurrdllllulldrurdrrdddrrrrullldluudldlllululuurrdrrrrurrdlllluldrrrdddrrrrrrullllldluudldlllululuurrdrrrrurrdlllllrul
microban-149	rurdddlddrddldruuuluurdddduuurrrrlllldddlddruuuulurrrrlddddlruuuulluuurrdlulddldrrrlldddlddruuuulurr
microban-150	lldllluurrdullddrrdrulurrrrurrddlurulldlllluluurdddullddrrdrulurrrrurrddlulllurldlldllllurdrrruulldldrrrdrulurrrrrdrulllllldlllllluruurrrrurddulllllddrrdruudllluurrrdrruuldldddrru
microban-151	lullurdruuuluurdddddldrrrrurrddluruldllllldlulluuururrurddddldrrrrrurdlllurrlldlluulldurruullldldddrrrrrrrrlllluuuullddduulldddrrrrrrrurd
microban-152	lluuuudrrdrrrrrdrdlllllluurruurrrrdrdrddlllrrrrruuulululullldurrrdrdrdrdddllllululllllddrrrrrrrrllululllllulldddrrrrlluurruuuullllddrdrdrrrrrddrrruulululllrrrdrdrddllulullllluulluurrrdrdduuullllddrdrdddrrrrrrlllllllluuuuddddrrrrrrruullllrrrrddllllllluuurrddurrrrrddllllll
microban-153	lddddddrdluuurduluurduluurdrrddruldddruldddrurruuuurruldlddruulddddruuluurruulldddduurruldlddruuruullddrruldddddlllluurdldrrrdruuuuuddddllluuluurdduuluurddlddddrrrruuldrdllldluuuuuddddrrruuruuldduurruullddrruldddddlllluurdldrrrdruuuuuddddllluuluurdduuuuldrdddduuuullllddrulurrrurdddluruuldlllddddruulddddruuldlldruruuuuurrrrddlurullluldddddrdlldluuuuuudddddrruuuuurrrddddruldddrurrruuldrdllldluuuuurullluldddddrdlldluuuuuddddrruuuuurrrdddddrrruuruuldddrdllldluuuuurullluldddddrdlldluuuudddrruuuuurrrdddddrrruuuurruulldddddrdllldluuuuurullluldddddrdlldluuuddrruuuuurrrdddddrrruuuurrululdddddrdllldluuuuurullluldddddrdlldluudrruuuuurrrdddrdldrrrdruuuuluurrdlulddddrdllldluuuuurullluldddddrdlldlurruuuuurrrdrdddldrrrdruuuuluurrdlulddddrdllldluuuuurullluldddddrdllrrdlluruuurulurrrurdddddldrrrdruuuuluurrdlulddddrdllldluuuuurullluldddddrdluruuulurrrurdddddldrrrdruuuuluurrdlulddddrdllldluuuuurulllulddddddrdl
microban-154	ruuuuuuuuuuuurrrrrrrrrrrrrrrrrrrrrddddddddddllllllllllllllllluuuuuurrrrrrrrrrrrrddlllllllllllddrrrrrrrrrrrrruuuuuulllllllllllllllllddddddddddrrrrrrrrrrrrrrrrrrrrruuuuuuuuuuuuuulllllllllllllllllllllllllddddddddddddduuuuuuuuuuuuurrrrrrrrrrrrrrrrrrrrrrrrrddddddddddddddllllllllllllllllllllluuuuuuuuuurrrrrrrrrrrrrrrrrddddddllllllllllllluurrrrrrrrrrruulllllllllllllddddddrrrrrrrrrrrrrrrrruuuuuuuuuulllllllllllllllllllllddddddddddddll
microban-155	uulldrrrrrrrrdruuurulllllllllllluldddrdlllllllllllulllddrrudlluurrluurrddldrrrrrrrrrrdruuulurrrrrrrrrdruuuuuurullluldddrdllldluuurullluldddrdlllldluuuudrruulllrddlluuulurrrrrrrrrrrrrrrrrrrurddddddlddruuuuuurulllllllllllllllllllluldrdlllllulldrurdddddrddllurdrulurrurddddrrddlluuuuuu
sasquatch-001	uulddddduuuurrrrrdddllddlldllurrluuruulurrrrllllddddddrrruuurruuruuldlldlluldddduuuurrrrrrddldlldddllurdruudlldllurrrdrullluuuuurrrrrddrdl
sasquatch-002	ruruuldldlddrurudllururlddrurudllurddllldlddrruluurrdluld
sasquatch-003	luuuuurrrdddrrrululrddlluurulllulddddddrdllullddrulurrdruuuluruurrrdrrdldluurulllulddddddrdllldlurulrrruuuuurrrdddrrrrrulllldluurulllulddddddrdllullddrulurrrrluuuuurrrddrrrrullldlurulllulddddddrdllullddrururuuuuurrrdrrrulllllulddddddrdllldlurrrrrrullluuuuurrrrrrurddurduluuruuldddlddrrulllllllulddddddrdllllrrruuuuuurrrrrruruulddrdlllllluldddldruuurrrrrrrruuluurrdluldddrdlllllllulddddddrdlllrruuuuuurrrdddrrrruurulllllllulddddddrdllruuuuuurrrdddrrrrruuuuuluurrdluldddrdlllllllulddddddrdl
sasquatch-004	dddlludrullllluurrdullddrrrrlluulllldrurrrddlldlurrrdlddrdllullddrulurdrruuuulldrurdddrdllldlulurdrrruuuuruuldddddrdllldlluurdldrurrruuuuuulddldrurdddrdlllluldrrrruuuurrrdrrullllulddddrdllllullddrurrrruuuurrrrruuldrdllllulddddrdllllldlurrrrruuuurrrruuldrdlllulddddrdllllrrruuuuuullldrrurdddddrdlll
sasquatch-005	drdddrddluuuuuuullrrruulddlddruudddddddrrrulldluuuuuddrrrdldluuruurdrrullldddruuruldrrdllldddruuuruldldlluuuluurddduuuruuldddduullulldrrrrlldddddlddruuuuuuuddldddddllurrdruuuuullddldrdruuluuldllurrrdddluulurllddrrrdddluuulurddrrruuuruulddduuuluurdddduurrurrdlldlluuullludrddludrrrdrruldlurruurrruldddrurrdllllllllrrruurrurddrdlllluuuruuldddrrrullulduurrdddrdlrrrullluuurdddrdldllldllurrrllllulldrrrrrllluurdldrullllldrrruuulddldruurrruluurdddlllurdrruuldduuuldrddllurrurdlllddllurrruuuldddldr
sasquatch-006	rruuurudlluurrddldddlllluuuludrruullddruddddrrrruuullrullurrddrdddlluuuruulldrdddddddrruldluuurruuulldddddrdlllurdruuurruuulldddddldrrrulluuuuuuurdlddddrruuuruuldllddddlluuuluurdrrdddlrr
sasquatch-007	ullddduurrrrrrrrrluururrrddldlllllllllrrrrrrrrdrruudrrulldlllluururrrddrdllllllllllrrrrrrrurldlluururrrddrdlllurruullldlddlllllulllddrulurdrrrrrrllllllllldrurrrrrrrddlldllldlluruulurrrrrrrllldllurrrrrddlldllldlluruulurrdrrurrrddlldllldluuururrrrlluuldldrrrllldllurrrr
sasquatch-008	drdrdrdrrrrruurlddrrulrulddllllllulululuurrrruurrrrddrdddldrddluruuuuuulullllddrddlludrruulldruuurrrrddrdddddllllllulululuurrrlllddrdrdrdrrrrrruuuuuulullllddllldrurruurrrrddrdddddllllllulululur
sasquatch-009	uullllldrrrrurrddldlddlldluuuudddrrruururuulllllldrrrurrrddldllldluuulurrrrllldddrrrddlldluuuuuruldddrrrruruullldllddrrrdlldluuudrrrruruullldllurrlldddrrrruruuldllulldddrrrrurulull
sasquatch-010	ddddllluldrrrrrddddlddrrrlluuuuuuruldluuurulddddllddrrlluurrrddddlddruuuuuuruldluuudddrddrrruurrulllrdddllluuruuuddrrrrrrdlllulllldddrrruuddllluuurrrrrlllluurrdullddrrllldddddddrrdrrulllldrrlddlllluurrrlllddrrrruuruldluuuuuudrrruuulldlddddlddrdrddlllluurrrlllddrrrruuruldluuuuuuurulruuluulldduurddrrddrrdrrulllruullddrrdrrrrulllllruullluurddrrdddddllldddddrddlludlluurrrlddrruuruldluuuuuuuddddddrrrrdllullldddrruuruldluuuuuudllluullllluurdldrrrrrlulldlluurdldrrrr
sasquatch-011	drdddlluuruulllddrrurulddddrruulrddlluuururrrddllluldrrddrrrruullduuulllddrrlddrruurrddlruullllddrdrulluuluuuldrrddlllluurrurdrddlluruuld
sasquatch-012	ululluuullddrdrudrruldrdrruulrddludddrurrurrruuuurrrrrdddrluuurrddldluudrruulllllldlurrrrrdddlddruuuudrruullllllrrrrdddddruuluuurrddldluudrruullllldlurrrrdddddrrrulldluuuudrruulllldlllluuurrdduulldddrdrrurulddllururrrrddrrdlddrrulldluuuudrruulllldldllururrrrllllddrulurrrllldllurrrrlllluurdldrrrlluurdldrlddddllldllluuruulddddduruuluurddlllurdrruuldrddllulllurrrddrrullrruuldllllddllluurrrrrrdllrrdrrullrruuldlllllllddlluurrrrrrrrlllluurrddrrddrrulruuldrddlddruudrrurrdlllldlurrrrrddllullrrdrruullll
sasquatch-013	uluurrrrdrddddldlldrrllldddrruuruulldrdrrdrddluudlluuulldddrrrluuullllluurdldrrrrllluuuuddddrrrurruruuuululllldlldrrrlldddllurdddrrrrurruruuuululllldldddldddrrrruuldrrruruuuululllldldddldddrrrdddrruuruuddludddlluuuurrlldrldddrruuudddrurrddlurulldludlluuulluluurddldrrrrrlllluuuuurrdrrullluldddddldrrrr
sasquatch-014	ulruulldrlldddrruuddlluuururrrrdddllrruuulldrullldrlldddrruuddlluurlddrrurrrrrddlluu
sasquatch-015	dddruldddrdddrruuuuurrddlruullddddduuullullddrlulldrruurrdllrrrrdddlluuddrruuullullddrluuruulddrrdrrdddlluuluuddrddrruuullulluurrdduuluurddllddruuddrdrrdddlluuluuddrddrruuullulluurrduuuldrddddrrdddlluulludllurdrrudrddrruuull
sasquatch-016	llllllrrrrdllrrddlddruuuuruldddrrrrlllldrrlldddrluuuuuuuuuululldrdrurddddddldruuuuuuulllldrrrurdduulluurdldrdrdrddluuddllurdrulllldllurrrrrdrrullllldrrrurddduullllllurrrrrdrddlddruuudddddrdrrululdluuuuddddrrrrullldluuddrrddlurulululuurdduurrdluldurrrrdlllrrrrrulllll
sasquatch-017	rrrrrrurrdlllllllllullddruudrrrrrrrrrrruuddrrdrruruullllldllldlllllluuuuuuurrrrrrrdrullldrullldrullllddrururrdllldllururrdlulddddddldrrrrrrrurrdlllllllllldluurrruuuuurrrrurrdllllldllurdrururrlldllurrdrrrrurrdllllllullddrurrrurrlldllurrlldllurrlldddddddrrrrrrurrruruuuullllllllullddrurrrrrrrrrddldddurrrrrddldllullllllllllllullddrulurdrrrrrrrrurrrurrrrrrruulldurrddllllllulddurrrrrddldllulllllllllllllulldrurdrrrrrrrrrrrrrdrrurrrddluruldluuulllllddrrdrrruuurruulldurrddllllllulddurrrrrddldllulllllllllllllluldrrrrrrrrrrrrrrrdrrurrrddluruldluuurruulldurrddllllllulddurrrrrddldllullllllllllllluldrrrrrrrrrurrruuulllldldllururrrrrrdddllldlllllluuuuuurrrrrrrrrrdddldddrrdrruruullllulddurrrrrddldllullllllllllllllrrrrrrrrrurrruuullllllddrulurrrrrrdddllldlllllluuuuuurrrrrrrrrrdddldddrrdrruruullllulddurrrrrddldllulllllllllllllrrrrrrrrurrruuulldllullddrulurrrrrrdddllldlllllluuuuuurrrrrrrrrrdddldddrrdrruruullllulddurrrrrddldllullllllllllllrulllrrruullldurd
sasquatch-018	ruuurururuuluururuulddulldulldrrrdddrdrulldlludrrulruuuurrdlulddddldrlllurrdruuddurrdllrddluuudddldlluuddrddluuudddrrruuurruldlldlluruddrruldludrruuddddrruuuddluuuddddluuullddrrdruuu
sasquatch-019	uudrrrrrrrdrdrdrdrdrdrrulululululullllllllllruuullllllulldrddddddddddrruuuuuuuurrrdddlddrrulluururrrrrrrrrrrdrdrdrdrddlululululudrdrdrdrrululululullllllllllruuullllllulldrddddddddddrruuuuuuuurrrdddlddrruldluurulrurrrrrrrrrrrdrdrdrddlulululudrdrdrrulululullllllllllruuullllllulldrddddddddddrruuuuuuuurrrdddddduuuuurrrrrrrrrrrdrdrddlululudrdrrululullllllllllruuullllllulldrddddddddddrruuuuuuuurrrddddduuuurrrrrrrrrrrdrddluludrrulullllllllllruuullllllulldrddddddddddrruuuuuuuurrrdddduuurrrrrrrrrrrddlurullllllllllruuullllllulldrddddddddddrruuuuuuuurrrddurruuullllllulddddddddddldrrluuuuuuuuuurrrrrrrdddlldlddlruuruullldddddduurruulrruullldddddurrruuldddddddrruulrddlluuuuuruuldrdllruullddrrrrdldluulluuuurrrdddduuldrdllrrrdldluuurullrruulllddrrdddddddrruulrddlluuuuuurull
sasquatch-020	ulldddrrrlurrurdululldrurdrrulruuldddllurrdrullldddllluuurrrrrllllldrrrrrllddllulurrrrlddlulurr
sasquatch-021	luulllddrrdrulllulldrrrrllllllurrllllulldrrrrrllllddrulurrrllddrrurrrrrrdrrullllllrruurrrdulllddrrdrrulllllruurrdrdlll
sasquatch-022	rrdldrrruldlluurdldrrddlllululldrddddrrrrrrddrdrruluurrruuuuuulllllldluddrrrrddlurullldludrrurrddlurulldllllululldrdrrrrrrurdllllllluurdlddddrrrrrrddrdrruluurrruuuuuulllld
sasquatch-023	urrurrdrullldllddrrdrrurldllurdrrullldrrrrrullldlldlllluurruurrurrdrddrdlluruuullldllddllddrrrruurrllddlllluurruurrurrdrddldlurrrdlluruuullldllddrrrrlllluurrurrdrdduuurrdlulllldllddrrrrruurulllrdrddllllluurrrrllllddrrrrruurulldlllllluurrrdulllddrrrrrrllllddrrrrruulllllddllddrrrudllluurrrllldlluldrrrurruullulldlrrrullllldrrurrrurrrddlddlldlluluulurrlddddrrrurruuruulllddllrruurrrddlddlldlluluururldllurrlddddrrrurruullllrrrrddlldlluluudddllurdrrrrurruulllllddldrrrluluurrrrrddllllrrrruulllllddldrrurrrrrddlludrruulllllrrrruullllldduurrrrrrrrrrddllllrrrruulllluulldurrddrrrrddllllddlluulllluurrrr
sasquatch-024	rrurruuruulldrurddduuullllddduuurrdlrrdddlldlluuruururrrrruurrruululldddllddrrrudllluurrdrdllruullddlddrrrruuluuuuurrdrddllrruululldddllddrrrudddlddruuudlllluuruurrdrdlrddlllluurduuurrddrddllldludddruuluruuuurrddlruullddduuurruuurrdrddllrruulullddddrdllruulldduuurdrrrruulullddddrdluullddlluuurrrllldllurrrrdrrddlluurrrrruulullddddrdllruullurdrrrruulullddddrdlrddlddruuuuuluuuurrdrddlllluldurruurrdluldddduuurrdrdllllullldddldllurrdrulldddlddruuuulurr
sasquatch-025	lddrddlruululldruruulldllrrurrddldlldllddldrrrurddulllddluruullllddrrrdrulllluurrrdrrurdduullllllddrrrdrulurrrurdullluuuulluurrddddddldrrurdulluurrurrurullllrrrddlldlluulluurrddddddlddrulurrrlluurrururulllrrddldlluulluurrddddddlddrulurrluuuuurrruuldrdllrrddldlluulluurrddddddlddruluruurruurullrdddlluulluurrddddddldrrrlluuuuuurrrrrrrdllldlurulllrdddlluulluurrddddddldrrluuurruurrrrdlrddluuurulllllrdddlluulluurrddddddldruuurruurrrdlluullldddrruurullrdddlluulluurrddddrruurrrrrrdlldluurulllllrdddlluuurrrrrrrullldlluurdrdlllrdddllddlddruuuuudddllllddldlluruurrrrrdruuuddlddludlluurrrdruudllllllddrrrrrdruuullddldllullddrulurrrrrrdruldllllullddrulurrdruudlluurrrrr
sasquatch-026	ullluurrdullddrrrluulluurrdddduulllluurrrurdddlllllluurrrrrurdllllllddlluurrrrllllddlluurrrrllddddlluuulurrrddddddlluuuuulurddddrrrrddllldluuurrrrrrddllllldlurruurrrrrrddlllluurrrrrrrddlllllrrrrurullllllluurrrrrrdullddddrrurullllluurruurrdddullddddrrurullluulluurrrurddddduulllllluurrrrrurdddlllllllluurrrrrrrurdllllllllddlluurrrrrrllllddddlluuulurrrrrllddddddlluuuuulurrrddrrddddllldluuuuurrrrrrddddllllldluuuddrrrruulrddlluuddrrrruulluurrrrddllddrrrrurullluurrdullddddrruruluulluurrdddduulllluurrrurdddlllllluurrrrrurdllllllddlluurrrrllddddddlluuuulldurrrruulllldurrdurrddddlruurrddlrddlluuudddrrrruulllrddrrrrruullluurrdullddddrrruuluulluurrddlllluurrrurdllddddlrddlluuudddrrrrruullllruurrdulluurrdullddddddrrruullrrddllluuudrrrdrrullllrrddlu
sasquatch-027	ruuuuuuruulllddlrddddlluulluurrllururrrrrurdduurrrrdrrrrrrrrrdrdddddldllulldddddldlllululllluluuuuuuurrdrddrrurrrrrrrruulllllllllulddduurrrrrrrrrrddlllllddddllllluluurrrdruruldllluuulluullllllddrulurrrrrurdduurrrrdrrrrrrrrrdrdddddldllulldddddldlllululllluluuuuuuurrdrddrrrurrrrrrruulllllllllulddduurrrrrrrrrrddlllllddddllllluluurrrrdrulllluuulluulllddlulurrrrurdduurrrrdrrrrrrrrrdrdddddldllulldddddldlllululllluluuuuuuurrdrddrrrrrurrrrruulllllllllulddduurrrrrrrrrrddlllllddddllllluluurrrrrdrruuldrdlllullluuulluulllddddluuulurrrrurdduurrrrdrrrrrrrrrdrdddddldllulldddddldlllululllluluuuuuuurrdrddrrrrrurrrrruulllllllllulddduurrrrrrrrrrddlllllddddllllluluurrrrrrurdrdllullllluuulluullllllddrrdruulurrrurdduurrrrdrrrrrrrrrdrdddddldllulldddddldlllululllluluuuuuuurrdrddrrrrrurrrrruulllllllllulddduurrrrrrrrrrddlllllddddllllluluurrrrrrurrdluldddduuullllluuulluullllddddluuulurrrrrurdduurrrrdrrrrrrrrrdrdddddldllulldddddldlllululllluluuuuuuurrdrddrrrrrurrrrruulllllllllulddduurrrrrrrrrrddlllllddddllllluluurrrrrrrurdddduuullllllluuulluulllllldlddrdruuulurrrrrurdduurrrrdrrrrrrrrrdrdddddldllullddrddldldlllululllluluuuuuuurrdrddrrrrrurrrrruulllllllllulddduurrrrrrrrrrddlllllddddllllluluurrrrrrurdlllllluuulluulllddddddluuuuulurrrrurdduurrrrdrrrrrrrrrdrdddddldllullddrddldldlllululllluluuuuuuurrdrddrrrrrurrrrruulllllllllulddduurrrrrrrrrrddlllllddddllllluluurrrrrrrrdrurulldllllllluuulluulllllddddddddruuuuuuulurrrrurdduurrrrdrrrrrrrrrdrdddddldllullddrddldldlllululllluluuuuuuurrdrddrrrrrrrurrruulllllllllulddduurrrrrrrrrrddllldlldddllllluluurrrrrrrrurdlllllllluuulluulllllldldddddrrdruuuuuulurrrrurdduurrrrdrrrrrrrrrdrdddddldlluulldddrddldldlllululllluluuuuuuurrdrddrrrrrrrurrruulllllllllulddduurrrrrrrrrrddllldlldddllllluluurrrrrrrrrlllllllluuulluuurrrrdrrrrrrrrrdrdddddldlluullllllllluuurrrrrrrrrrddldllllllllluuulluulllllldlddddrrrdruuuuulurrrurdduurrrrdrrrrrrrrrdrdddddldlluulldddrddldldlllululllluluuuuuuurrdrddrrrrrrrrruruulllllllllulddduurrrrrrrrrrddldlllldddllllluluurrrrrrrrllllllluuulluulllllddddddddluulurrrdruuuuulurrrurdduurrrrdrrrrrrrrrdrdddddldlluuuruulllllllllldddrrrrrrrdddrddldldlllululllluluuuuuuurrluuurrrrdrrrrrrrrrdrdddddldlluuuruulllllllllulddduullldddddddrdrrrrdrdrrrururuuluuurllldddllllluluurrrllldddrrrrrruuurrdddrddluuuudddddldlllululllluluuuuuuurrdrddldddrrrrrddruuuu
sasquatch-028	lllluuuuuurrdlulddddddllddrrudrrdrruuullllllrruuuuurrdrrullullddddddddrrdrrrrruluuruulllluuddllrruuluulldddddurrrrrrrddldddllllulllluurrrluurrrrrrrddlurullllllrruuluulldddddurrrrrrdddddllllulllluurrddrrdrrurdruuuurullllllrruuluulldddddduurrrrrrdddddrrrulldluuuurullllllrruuluulldddddurrrrrrdddddrrrrrulllldluuuurullllllrruuluullddddrrrrrrddrrrrdulllldddrrrrrulllldluuuurullllllrruulululddurrdrrullluldrrdrddrrrddddlldllullllddlluurrrluuuullddrruulluurrdddddduulllluluurrllddrdrruurruulldddurrddllrrddluruuullddrdruudlddlddrruuuulddldrdruuululuuulllddrdrrllurlluurrrdduuldullddrrllurr
sasquatch-029	uululuuuuuurrrrrrrddllllldlrurrrrruullllllldddddddddrddllurrdruuluuuluuurrurrrrrurrdrdddlllldllluludrdrrruulllrdurrdrrrruuuullldlllldllrurrrrruullllllldddddddddrddllurruuuuluuurrurrrrrurrdrdddllllulldlludrrulullrurrrrruullllllldddddddddrddllurdruuuluuuuurrrddlurullrurrrrruulllllllddddddddduuuuuurrdrrrrdrrullllldlurullrurrrrruullllllldddddddduuuuurrurrrrrdrdlllllrrrdlrrrdlddlluurlddrruulurrrluuluurrdrddrrddlluuuulurrrllllldddddddrrrddlurulddlluuuulurrrluuluurrdrddrrddlluuuulurrurddduulldddrrrrdrruldlulllldllullldulldrrrrrrluuluurrdrddrrddlluuuulurrurdddrdlddllullldddluuruulldrrrrluuluurrrrrdddddlluuuudddllllddluruulldrrrrrluuluurrrrurddrddlddlluuuddllllllldrrdrulurrrrluuluurrrrrdrddlddlluudlluululddldrrrrluulullddldrrurdddduuuuuuurrrrrdrrulllllrrrdrddlddlludrruuuurulllrrdddrruuddrrruruulduruuldlldllllrdddddllullllllllurullrurrrrruulllllllddduuuluurddrrrrrrrddllllldlldddrdrdrddlululuuuuudddddrdrrululrddluluuudddrruldluuddrdrddluuurulddddllurdruurul
sasquatch-030	dllllullllllllllllrrddlldduuuddlluuruuuuddddldllldlurrrruruuulllddduurrrddldllluuruurruuurrdluldddrdllulddlddrrdrrrurruulldduluuuuluurrdluldddrdlrddlddrrurdldrddluuruulullddrrurddldruuuruurrrrrrrrrrdrrruuddllluurrdrdluulldlluruurrrddllrruulllddrdlllllllllllldluuuudddrrrrrrrrrrrrrdrruudrrulllrddlluluuurrrddllrruulllddrdlllllllllllldluuuddrrrrrrrrrrruruurrdrdllruullddrdlllllllllllldlldllluuruurrdrdrdddlluururddullddrrurdduuruurrrrrrrrrrdrrurulllruullddrdlllllllllllldlldllluuruurrdrdrdddlluururddrdluuurrrrrrrrrrurrrrrruldlluurdrdlllruullddrdlllllllllllldlldllluuruurrdrduulllddlddrrrururdduurrrrrrrrrrdruurrrddldluudrruullruullddrdllllllllllllrrrrrrrrrrurrrrdrrdllldluudrruullruullddrdllllllllllddlluurrrrrrrrlllllllldludrdrddluuulurrrrrrrrlllllllddddddruuuluuurrddldluulurrrrrrrllllllldlddrluurrdrddluuulurrrrrrlllllldldllluuruurrrddrdddlluurlddrruulurrrrrllllluullldrrurddrdddlluurlddrruulurrrrlllluuluuurrdlddddrdddlluurlddrruulurrrlllulllddldrrdrrruulldldrrluurrdrddluuulurrlluuuuuldddldrurddrdddlluurlddrruulurldldllldllurrrrdrrruulldldrrluurrdrddluuulldlllllurrurdldrrdrrruulldldrrrdrulurddddrruullddruruldluuddluu
sasquatch-031	dldddllllddllluuuuruuullllllllluuurrdlulddduuurruuurrdullddddrrruulrddlllllddrrrudllluuurruuurrddrddlllluldrrrddrrrrrrrruulldurrddllllllllllrruurruullruulldddurrululddrrrrurrdlllllrrddllddrruuudlldrdruurdldrrrruurrddlllllullldllddddddrrrulldluuuudddrruurrrrrruuulllllllrrrrrrruurdrdllllllllrrrrrrdddllllluuuulurddrrrrruuldrdlllrrrdddllurdruuuddldddddrrruullrrddllluuuuruuulllluldddrdlulduruurrrruurdrdllrdddllurdrulllldludrrddrluurrddrrrddllluuudlluuurrrdlllddrrrrrrrrruullllurdrrruruulllddldrrluuurrrddlddrdlllllllrrddllluuudlluuurrrdlddrrrrrrruuulrruulllddldrrurddrdlllllllrrddllluulluuurrdddrrrddrrrruuuululuurrrddllrruulllddldrrurddrdlllllllluuulldddrluururdulllldrurd
sasquatch-032	ulldddrrddlluuuuudddddruluuullulldrrllllulldrrrrlllddllddllulurluulllddrdrlluuurrrddlrrdllrrdrruulldlldrrlddrddlurullldllluurrdrdllluldddldrruuurrurrruuururrddllullurddddrddlurullldllluurrdrdllruulldddldruurrurrruuuuuulllddrrlluurrrddddddrddlurullldllluurrdrdllruulldddduurrurrruuuullldrrurddddrddlurullldllluurrdrdllruulldddurrurrruurrruulldllulluurrrddddddrddlurullldllluurrdrdllruullddrrurrruuuullllldrrrrurddddrddlurullldllluurrdrdlllullddrulururrrdrrruuuurrrrrrddlurullllldllulluurrrddddddrddlurullldlllluurrrdrdllllulddduurrrrurrruuuurrrrruurrrurrdlllluldddrddlurullllldllulluurrrddddddrddlurullldlllluurrrdrdllllulddurrrrurrruuuurrrrruurrrrddlddruudrrruuulllllluldddrddlurullllldllulluurrrddddddrddlurullldlllluurrrdrdlllrruullldddduurrrurrruuuurrrrruurrrrrrrdddlluluddrrruuulllllluldddrddlurullllldllulluurrrddddddrddlurullldlllluurrrdrdlllrruullldddurrrurrruuuurrrrruurrrrdddrrrdrrulllldluuuddrrruuulllllluldddrddlurullllldllulluurrrddddddrddlurullldlllluurrrdrdlllluldrrrrurrruuuurrrrruurrrrdddrrrrruldllluluurrrddrdllldluuuddrrruuulllllluldddrddlurullllldllulluurrrddddddrddlurullldlllluurrrdrdlllrruulllddrrrurrruuuurrrrruurrrrrrrurruulldddddrdllldluuuddrrruuulllllluldddrddlurullllldllulluurrrddddddrddlurullldlllluurrrdrdllllrrrurrruuuurrrrruurrrrrrrurrululdddddrdllldluuuddrrruuulllllluldddrddlurullllldllulluurrrddddddrddlurullldlllluurrrdrdlll
sasquatch-033	rruuurrrllldddlldddlddrrruurrrrrrruuluuulrdddrddllllulrrlldllddllluuruuurruuuruululllldlddddddddddrrrrruurrrrrrrrrlllllllllddllllldlddrurrrrrrrrrrruurrruudrrurrlldllurrllddlllddllllllllllluurruuruuurruuuruululllldldddddddddddurrrrruurrrrrrrrrddlllddllllllllllluurrrrruurrrrrrruururrdlddlllllllllddlllllddrrrrrrrrrrruurrrurullllllulldrrrrrrrlllllllllurrrllldddllluuruuuluurlddrudrrurrdduulluuruulddduuuulllldlddddddddddrruuruuuuluururldlddrudddddlddlluuuuuuuuuururrrrdrddldlruruululllldlddddddddddrrrrruurrruluulllrrrdddllddllluuruuudddlddlluuuuuuuuuururrrrdrddldduuruuldduuulllldlddddddddddrrrrruuurdruudlldddruulurdrrddrulurrrrllllddllluurrrrrrruururrdlddddlllddllllllllllldlulurdrudrrrrrrrrrrruurrruulllrrrdrrullllrrdrrrrulllllrdrrrrrrullllll
sasquatch-034	drrrrrrrruuuuurrrruuurrrrrddlldduururullllulddddrdlulllldddddrrruuuurullrruuurrrrddlddruuurullllulddddrdlllurruuurrrrdrrrdldldluuurullllulddddrdluldddddddldrrurdldruulluuuuuuuruuurrrrdrrdldluurullllulddddrdluldddddddldrrurdulluuuuuuuruuurrrrddddddruuuuruldlurullllulddddrdlulddddddlddrruldluurullllllllllulddurrrrrrrrrruruuuuruuurrrrddddddlddrrrrruululldluuuuurullllulddddrdlulddddddlddrruldluurulllllllllldlulurrdrrrrrrrrruruuuuruuurrrrdddddrrrulldluuuurullllulddddrdlulddddddlddrruldluurulllllllllldluulurddrrrrrrrrrruruuuuruuurrrrdddddrrrdrdddduuuurrddlllruuluurdldrddluuurullldluuuurullllulddddrdlulddddddlddrruldluurulllllllllldluudrrrrrrrrrruruuuuruuurrrrddrrrrdllldluuurullllulddddrdlulddddddlddrruldluurulllllllllldlurrrrrrrrrruruuuuruuurrrrdddddrrrdddrrruulldluuluurrddullldluuuurullllulddddrdlulddddddlddrruldluurullllllllllrrrrrrrrruruuuuruuurrrrdddddrrrdddrrruulldluuurulllrruuurdddddlllluuuurullllulddddrdlulddddddlddrruldluurulllrruruuuuruuurrrrdddddrrrdddrrruulldluurullldluuuurullllulddddrdlulddddddlddrruldluuruluruuuuruuurrrrdddddrrrdddrddruluuurrddldluudrruulldluurullldluuuurullllulddddrdlulddddddldruuuuuuuruuurrrrdddddrrrdddrddrdddlluruuuuudrruulldluurullldluuuurullllulddddrdluldddddduuuuuuruuurrrrdddddrrrdddrdddddruuuuluuurrddldluudrruulldluurullldluuuurullllulddddrdluldddduuuuruuurrrrddddddlddrrrrurdrddluuudrruulldluurullldluuuurulllluldddduuurrrrddddddlddlluurrudddrrrrrddllllluulluurrdullddrrrrrrruurrddldluudrruulldluurullldluuuurullllluldrrrrrdddddrdlulddullddrrrrrrruurrddldluudrruulldluurullldluuuurullllrrrddldddddullddrrrrrrruurrddldluudrruulldluurulldluuuululllulldrrrrllldddldrldddlddruuuuulurdruuuruulldrrrlldddlddddlddddruuuuuuulurdruuuruulldrrldddlddddddddrruldluuuuuuulurdruuuruulldrdddldddddddddrdrudrrulldluluurrdldluuuuuuuulurdruuuulurddddldddddddddrdrruldluuruldluuuuuuulurdruuuudddlddddlddllurrdruuuuulurdruuuddlddddldlldllurrrrdudruuuuulurrlddddldllllllllldllurrrrrrrrrrrdruuuuulurdruudlddddldllllllllllldddruulurrrrrrrrrrrdruuuuulurdrulddddldllllllllllluuurrdduulldddrrrrrrrrrrrdruuuuulurdddddllluuuurlurldddddllllllllluurdldrrrrrrrrrrrdruuuuudddldllllllllluluurddldrrruldrrrrrrrrdruuuuddldlllllllllluurdldrrrrrrrrrrdruuu
sasquatch-035	dddllllllllulllluuddrruurrrrrurrrrlllldlllllddlluuruuruudrrudlldlddlddrrdrrrrrrrurddrdllldludllluuuulllldrrrrrrrrddrruulrddlluullllllldrrurrrrrdddlllluulurrrrrrurddrdlldludlllluuullllldrrrrurrrrrrrdddlllllluulurrrrrrurddduullllllulllluurddldrrrrrrrrrurddrdlllrrrdlllurruuuuruulllldllllddldrrrrrrrurddduulllllluluurddldrrrrrrurddrdllrrdlluruulllluldlluurdldrrrrrrurddduullllullullluuururrdddddldrrrrrrurddrdlrdluuullllullulllurluurddddldrrrrrrrrrrdruurullldldlllulluuuululdddddldrrrrrrrrurddduullllulluuldlluurdddldrrrrrrrrurddullllulluuuuullulddddddldrrrrrrrrrrrdrruuldrdluldduulllllulllllllruulddulldrrrrurdldrrrrrrrrrrrurdrdlluldullllllllllldluruulldrurdldrrrrrrrrrrrdrruldluudrruuululllllullluldddddldrrrrrrrrrdrruldlullllulluuuurdrdluldddldrrrrrrrrrurdrdlllulllllulluuuuuurdddrdluldddldrrrrrrrrdruurulruullllllllulddddldrrrrrrrrdrruuldrdluuuuullllullluldddddldrrrrrrrrrdruruldluuruullllluuulddrdlllulddddldrrrrrrrrrdruuulddllllllullulllllllurrrrurdddldrrrrrrrrrrrrdrullllllllulluuuuullululldddddldrrurddldrrrrrrrrrrrrurdrlldrulllllllulluullllluurddddldrrrrrrrrrrrrrurdlllllllulluuuuulllddddldurdldrrrrrrrrrrrlllllulluuurrrrrrrrrddldduuruuldduullllullllllllluururdddddddldrrrrrrrrrrrlllllulluuuuullullddddddldrrrrrrrrrrrllllulluuuuuululdddddddldrrrrrrrrlllulluuuuuullllulllllulllddrrudlluurrluurrddldrrrrurdddddddldrurdldrrrrrrrrrllulluuuuuulullllllllulllddrrudlluurrluurrddldrrrrurdddddddldrurdldrrrrrrrrlulluuuuuurullllllllllulllddrrudlluurrluurrddldrrrrurddddddldrurddldrrrrrrr
sasquatch-036	urrrruulluurrdddrdlllllllllllrrdrrrddlllllluuurulldludrrrrrrrrrrrrruullururdddrdlllllllllllrrdrrrddlllllluuurulldrrrrrrrrrrrruuurrrdrrddlldddrllldluuurulllllllllllulddduurrrdrrrddddlllllddlluuuurrrrrrllllllddddrruurrrrruuudlllllluuurrrrrrrdlllurrrrrrrdddrrrrddlurullldluuurulllllllllllulddduurrrrdrrddddlllllddlluuuurrrrrrllllllddddrruurrrrruuudlllllluuurrrrrrrdllurrrrrrdddrrrddlulrrulldluuurulllllllllllulddduurrrrrdrddddlllllddlluuuurrrrrrllllllddddrruurrrrruuudlllllluuurrrrrrrdlurrrrruuurrrdddddrdllldluuurulllllllllllulddduurrrrrrdddlllllllluldddldrrluuurrdddldrrrdruulurrrdrruuuuuurrrrruuurrrdrrulllllulldrurdddrdlllllllllllulddduulllurdrrrrrrrrdddlllllllluldddldrrluuurrdddldrrruurrrdrruuuuuurrrrruuurrrdddruurullllldllururdddrdlllllllllllulddduurrrrrrdddlllllllluldddldrrluuurrdddldruuuuruuurrrrrrrrrrrdddrrruruuuurulllllulldrurdddrdlllllllllllulddduurrrrrrdddllllllllulrdulddduurrrdlddllldlururuurrruuurrrrrrrrrrrdddrrrurrurrdllluldrdllldluuurulllllllllllulddduurrrrrrdddllllllllulddduurrdddllluruurrruuurrrrrrrrrrrdddrrrurrrrddlullllldluuurulllllllllllulddduurrrrrrdddlllllllllrrruuurrrrrrrrrrrdddrrrrrrrullluldrdllldluuurulllllllllllulddduurrrrrrdddlllllllluldddldrrdrulluuurrruuurrrrrrrrrrrdddrrruurrrruullldluurulllldllururdddrdlllllllllllulddduurrrrrrdddlllllllruuurrrrrrrrrrrdddrrruurrrulluldddrdllldluuurulllllllllllullrdrrrrrrrrrrruuurrrdddrrrrulllulddddrdllldluuurulllllllllllulldrrrrrrrrrrrrllllldddlllllluuddrrrrrruuulllllulldrrrrrrrrrrrlllllllllllllurluurddldrrrrrrrrrrrrllllllllulldlluurdldrrrrrrrrrrrllddddddllullldddlluulluuurrdruuuurulldlluurdldrrrrrrrrrrlddddddllurdruuuuuddlllllluuurrrrrrdddddllllldddruulurrrrdruuuuuddddllllldddllurrdruulurrrrdruuuudllllllldddldrrrdruulurrrrdruuullllllllullldrrrrdruuuurulldlluurdldrrrrrrrlllldddlllddlddlluurrdrullldrrrrdruuurullulldrrrdruuuurulldlluurdldrrrrrrllldddldddlluuddrruuululldrrrdruuuurulldlluurdldrrrrr
sasquatch-037	lluuuulllluuuuuulluurrdulllluurrddllddlluurlddrrrrudddlludrrrrrrudllddlluuuddurrddddlluuudddrrrrrruulllluurrddllddlluurlddrruuudrrrrddrrllrruulllllrdullddrrddrrrlddrrrllruuudlllluullllrrddrrrrudddrrrruuuuuulllllrddddlllluulluurlddrrddrrrruulllrrruurrrrddlllllrrrddlrddlluuudrrrruurrddlllllrrrrruurrrrrrrruurrdduulllllruulluuudrruullllllddrrrluurrrrddddlluuudrruulllluullllddddrrrrrluurrrrddddlluuudrruullddlllllluullddrrrrrrrrrllllluulruurrddlruurrddlrddddrrddllrruulluuuurrddllddrrddlluuuuudrrddllddrrddlluuuuddddllllllllddddrruuuurrrrddlllruullllddddrruuudlluurrrrddrruurrddlllllllrddlluuudrrrrrrrruurrddllllllllddlluurlddrruuudrrrrrrrruurrddlllllllllllrrrrrrrrruurruurrddddlllllllllllrrluuddrrrruuuuuurrrrdddduuuulluurrdddduulluuuurrddddlllruulllllllllluullddrrrrrrrrrrrruurrddlrddlllludddddddlrrrrrrruulllrrrddlllluurrrruulldurrddllllrrrruulllllluurrrrduudllllddrrudllddddrrrrudlluuudddlllruurlddlllluurrr
sasquatch-038	ddrrddrrrrurdrddlurullllluldrdlldluuuluurrdluldrrrddrrrrrddrrduluurdrrddlurulluurrddlddrdrruuuuuurrddddddddllddrrudlluurrrruuuuuuuuuulllldddllddlddrdrruuuuuuddddddrluuuuuurrddddddddrrddrruulrddlluuuuuuuruuluuullllddduuurrrrdddrdrruuruuldrddlddruuuulddduuuuurdddlddlluluurrllddrdrruuruuldlllddrdrrrddluulluulurrrurdlllddddldddddllllddrrudlluurrrluuuuuuuulluurrrrdddrddluudddddddrrddlluulluuuuuuuulluurrrrdrddldddddduuuuuuruuulllllddrrddddddddrrlluuuuuuuullddddduuuullddlddrdrrrluuuuuurrddddddduuuuuuulluurrrrdrddldddddddllrruuuuuuuruuldddddddddlluullllurlluuruurrddddldrrluuuuuurrdddddddduullullluulullddrurullllllulddddldrurdddrdlluldduurruuuuuurrrrdrrrrullllllllulddddldrurdddrdldluruuuuuuurrrrddlurullllulddddldrurdddrddlluruuuuuuurrdrddluurulllulddddldrurddddurrddlluuuuuuuurrrrrrurrrllddddrdrrrruuuuuullddddduuuuurrddddddllullddluuuurulllllllluldrdlldluuuulurdrrddrrrrrrrurrrrddllllllldlurullluldrdlldluuuddrruuulluurdllldrurrrddddlluuulurddddrruuuullrrdddrrrdrrrrrrrrulllllllllluldrdlurrrdrrrrrddrruurulllllllllluldddrdlulluuuullurrdddddrruuuulluurdrddddldluuuddrrurrrdrrrrrdlllldluurullldluudrrrdrrrrrrrdlllllldluurulllulddldrurddddduuuuuurrddrrrddruuurulllllllulddldrurduurrddrrrdrrrddluuuurulllllllluldrdldllurrdddruldluuruurrrddrrrdrrrrrdlldluuuurulllllllluldddlddrruldrddrrddlluuuuluuuurrrdddrdruuurulllllulddduurrrdddrdrrrurrddluuuurullllllllulddurrrrurrrrrrdddddrrruuuuuullddddduuuuurrddddddlllldluuuurulllllllluld
sasquatch-039	ldddlldrurrdrrdrddlllrrruuluurrrrlluuurrddduuulllllldlddrdrrdrulurrrluuurrdrrrddddllllldluulurruuullllulddduurrrrrdddlddddlllulluuurldrldddrrulluuuruuurrrrrdddlldddurrrrrrrurdurrdddldlluuddrruruuulldlllllldlluurddurrrrrruuurruurrrurrddldlulluldrdllrurrrddldlllldlllllluuruuurrdrrrdddrdllllllldluruldrrrrrrruuurrurrrrruulldurrddlllluldrdllrurrrddldlllldlllllluuruuurrdrrrdddrdlllllldlluurdldrurrrrrruuurruurrrurdrdlllluldrdllrurrrddldlllldlllllluuruuurrdrrrdddrdllllllluulurdrulddddluudrrrrrrrurrrdlllllllllulduruuldrddrrrrrdrddrruurullllllrrrrrdlrddlluurulllrruuuulllullllllldddlddddddrdrddluluuuuuuulurdrulddddddddllurdruuuuuuulurddddddddrruldluuuuudddddrddluuuuuu
sasquatch-040	llddlddllllllrrrrrrrddrrrrrrrrrdrulllddllldllululurrrrrrrrrllllllllddrrrrllllulldrrrluuluuluurddddduuullllllluurrrrrrruurrddlruullddlddrddrrrruurlddllldddrrrulldlululldrrrluuuulllllllullurrrrrrrrrlllllllluurulrrrdduulllddddrdrrrrrruullllllrrrrrrruurrddlllllrrddrulullllrrrrrlddllllllulldrrrrrrrllllluluuururrdddllrruuulldlddduuulluurdldrrddrrruuullldddlddrrrrrrlllluuluulluurdldrurdddldruuuurrrrrlldddrrrrruurrddlllllllllrruuulllddddldrrrrrlllluurrrrrrrdrddddllllllurdrrrdrrrdrrullluurrrrrrrddlludrruullllllrrrrddldllulluuuuuurruulldurrddlllllllllrruuulllddddldrrrrllluurrrrrrrdrdddddruddrrruruulllldluuuuurruulldurrddlllllllllrruuulllddddldrrrlluurrrrrrrdrddddlldrruurrrrrddldllluuddrrruruulllldluuuuurruulldurrddlllllllllrruuulllddddldrrluurrrrrrrdrdddddrdrrrulldluudrrrruulllldluuuuurruulldurrddlllllllllrruuullldddrdluldurrrrrrrrdrdddrrrruuldrdllldluuuuurruulldurrddlllllllllrruuullldddldrurrrrrrrdrdddrrruuldrdlldluuuuurruulldurrddlllllllllrruuulllddddurrrrrrrdrdddrrrrrrruullururddddrruuulrdddlluuluurddduurrdddlllllllldluuuuurruulldurrddlllllllllrruuulllddduuurrrrrdlulllldddrrruurulllldlluurdldrurrrruurrdldldddrrrrdrdddrrrrrrruuurrrrddlruulllldddrrdrullluuurrdduurrddldllllllllldluuuuurruulldurrddllllllllllrrruuuruuldrdlllrruurrrrdllluldrdllrdrrrullluurrrrdllluldrddlddrrrrdrdddrrrrrrruuurrddrdllllllllldluuuuurruulldurrddlllllllllrrrrrrdrdddrrrrrrrrrurrululddrdllllllllldluuuuurruulldurrddllllllllrrrrrdrdddddrrrrrrruurruuulldduurrdddlllllllldluuuuurruulldurrddlllllllrrrrdrdddrruururddurrrddlllllldluuuuurruulldurrddllllllrrrdrdddrruururrdrruuldrdllulddurrrddlllllldluuuuurruulldurrddlllll
sasquatch-041	uludlrrruddrrulldldddruulllrrddluruulldrullldrruururrdrdrdluululuulddduuurrddlldldllurr
sasquatch-042	dldddlddrrrrrrrrrrrruuulluuuullluulllrrrddrddddrrrrdddlllllllllllluurdldrrrrrrrrrrrlllllllllluuuuulldrurddduuuluuluurdddduuurrrrdrdddddduuuuuuluurrrddrddddrrrrrrddddlluuudddrruuuullllullddllrruurrddllruuluuuluullldlllldddrdddlddrrrrrrrrrrrllllllllllluuruuuluuurrrrdrdddddduuuuuuluurrrddrddddrrrrrrddddlluuudddrruuuulllldlulurdruuuddllddlluluuuululllldddrdddlddrrrrrrrrrrrllllllllllluuruuuluuurrrrdrddddddurrrurrrrrrddddlluuudddrruuuullllulldrdruuudlluuuluullldlllldddrdddlddrrrrrrrrrrrlllllluurrrurrrrrrddddlluuudddrruuuulllrdddllllllluurrrrruulluuuluullldlluuuulldrurdddrdllrrrdrdddddddllllluurduuuulldrurddduuuluuluurddddrdddlddrrrrrrrrrrrlllllluurrrurrrrrrddddlluuudddrruuuulllrdddllllllluurrrrrululuuuluulllldluuulullldrrrurdddrdrdrdddddddllllluurdldrrrrrrrrrrrlllllluurrrurrrrrrddddlluuudddrruuuulllldluluuuuluulllldllrrrdrdddddddlllluuuuulldrurddduuuluuluurdddduuurruuurrulllldlluurdrdrrddrrrruurdrrdrrulllluldrdlllldluuudddrrdrdddddrrruuuuuluulllddrddrdduuluuluurrrddrdddddlluldduuuuuululllldddrdddlddrrrrrrrrrrrlllllluurrrurrrrrrddddlluuudddrruuuullllldluuuuddddlluuuluuluurrrddrluulurrrdrrulllluldrdllldlluuulullldrrrurdddrdllruuurrulllldlluurdrdrrdddrrdrdddddddllllluurduuuulldrurddduuuluuluurddddrdddlddrrrrrrrrrrrlllllluurrrurrrrrrddddlluuudddrruuuulllldlluuuuuluulllldluuulullldrrrurdddrdllrrrdrddluuudddrdddrrruuuuuluullldlluuurrulllldrrdddrruldluuudddrrdddrdddddllllluurduuuulldrurddduuuluuluurddddrdddlddrrrrruuuluuuuululuulllluurdldrrrurdddrdllruuurrullldrdddrrddddddrrrruuuuuluullldddddddrrrrrruldluuuuddddlllddrrrrrrlllllluurrrurrrrrrddddlluuudddrruuuullllldluuudddlllddllllluurdldrrrrrrrrrrrlllllluurrrurrrrrrddddlluuudddrruuuullllldluuddlllddlllluuuuulldrurddddldrrrrrrrrrrrlllllluurrrurrrrrrddddlluuudddrruuuullllldludlllddlllluuuuuluuluurddddldrurddddldrrrrrrrrrrrlllllluurrrurrrrrrddddlluuudddrruuuullllldllluuuluuluuldluuululdlluurdldrrrurdddrdllrrrddddddrddlllluuuuuluuluurddddldrurddddldrrrrrrrrrrrlllllluurrrrurrrrrddddlluuudddrruuuulllldlllluuuluuluulluurrulllldlluurdldrrrurdddrdllrrrddddddrddlllluuuuuluuluurddddldrurddddldrrrrrrrrrrrlllllluurrrrrurrrrddddlluuudddrruuuulll
sasquatch-043	lulllllluuuulllllllllddddrdrdddllulldllddrdrddrrrrrrrrurrruuuuuuuuddrluurrdlurrrdlurrrdlulldrullldrldllurdrururrdlllrrrurrdllulldldllururrrrlldullddrururrdllldllururrllddruldddddddrrrrrrrurldlllllllldllllllllrrrrrrurrrrrrrrrruruuldldurrrldrullldrlldlllllllluuuuuuuluuruldddrddddddddllllllldlluruululuurrurrdrruuuuuurdrrulrrrdlllrddrddddddddllllllldlluruululuurrurrdrruuuulluuuurrrrrdduulllllddddrruurrdrudddrdddddddrrrrrrrrurrdlllllllldllllllllldlluruululuurrurrdrruuuulluuuurrrrrrrrrddddddddddduuuuuuuuuuulllllllllddddrruurrdrddrddddddddrrurrrrrrlllllldlluuuuuuuuluuuuddddrddddddddrruruuuuuuuuuuuullllllllllllulddrduurrrrrrrrddldlurruulllllddddrdrrullluuuurrrrrddllldurrruulllllddddrdrrulldluuuulurrrrrrrrllddllldrldddddllurdruuurulldluuuulurrrrrrrlddllldddddlllldllurrrrrdruuurulldluuuulurrrrrrlllllllldddluruurrdrddddrrddlllllldddrdrrrruuulurdruuurulldluuuudddrruurrruullllllllrrdrddddrrddlddddrruldluuulurdruuurulldluuuulurrrrrlllldddddrrddlddddllurdruuulurdruuuuruuldrdlldluuuulurrrrllldddddrrddlllllldddrrrrdruuulurdruuurulldluuuulurrrlldddddrrddldddlllluulurrrrrdruuurulldluuuulurrldddddrrddrrdllullllldddrrrruulurdruuurulldluuuulurdddddrrddlllldrrlllddrrrruulurdruuurlluluuuulllddlluurrrrllddlulurrrldddddrrrurrdrluurduurrdlluldrdluurrrrrdllluldrrddrddddddddllllllldluudrrrrrrrruuuuuuuuluulllddddlllllddddrrrrrllllddrrrrrrrrrruldllllllllluuurrruuuruuuurrrddrdddddddrdlllllllldluudrrrrrrrruuuuuuuuluulllddddlllllddddrrrllddrrrrrrrrurrrrrrrrurrdllllllllldllllllllluuurrruuuruuuurrrddrdddddddrdlllllllldluudrrrrrrrruuuuuuuuluulllddddlllllddddrddrrrrrrrrurrrrrrrrururrrdlluldrdllllllllldllllllllluuurrruuuruuuurrrddrdddddddrdlurrrrrrrrururrrrrdlllluldrdlllllllldllurrrrlllluuuuuuuluulllddddldddllldddrrrrrrrrdrulurrrllldlllllllluuurrdluldduurrruuuruuuurrrddrddddddddllllllldllurrrrrrrrrdrulurrlldlllllllluuurrrrdllluldduurrruuuruuuurrrddrddddddddllllllldllurrrrrrrrrdrulurldlllllllluuurrrrrrdllllluldduurrruuuruuuurrrddrddddddddllllllldllurrrrrrrrrdru
sasquatch-044	rrrdulllddddrdrlulldrddrrrudllluuurruuurulrurrdluuuuluurdddduuuulllluurrrrdddlddrdrrrrrruuuuulllldllldddrdrddldllururlddrurudllururrrrrllllulluuurrrurrrrdddddddldrrrrluurrdddddldrurduluuuuullllullllllddrulurrrrrllllulluuurrrurrrrdddddddldrrrdrruldluuullulllllulluurdddrddllurdrulurrrrrlllluluuurrurrrrdddddddldrrrrluurrddddullddrrrluuuuullllullllluluuuuullllddrddrrurdddrddllurdrulurrrrrlllluluuurrurrrrdddddddldrrrrluurrddldrrrurdullluullllulllllululllurrurddddrddllurdrulurrrrrlllluluuurrurrrrdddddddldrrrrluurrdddddldruuuuuullllullllluluuuuuldddldrurdddrddllurdrulurrrrrlllluluuurrurrrrdddddddldrrrrluurrddddduuuuullllullllluluulllurrurdddddrddllurdrulurrrrrlllluluuurrurrrrdddddddldrrluurrddddlddrruldluruuuuullullllluluuuuullldrrurddddddrddllurdrulurrrrrlllluluuurrurrrrdddddddldrrluurrddddduurrrrrrddlllllluurrrrrdrdlllluuulluulluuuuuullllldlluurddddddrddllurdrulurrrrrlllluluuuurrrrrrdddddddldrrrrluurrdddduuuulllluuuuuulllllllllldrrrurdddddrddllurdrulurrrrrlllluluuuurrrrrrdddddddldrrrrluurrddduuulllluuuuuullllllulllllldrrrrrurddddddrddllurdrulurrrrrlllluluuuurrrrrrdddddddldrrrrluurrddldrrrurddrdllruuullluullllulllllulullllulurrrrurdddddrddllurdrulurrrrrlllluluuuurrrrrrdddddddldrrrrluurrddldrrrurddrdluuullluulllluuuuuullllllulllllldrrrrrurddddddrddllurdrulurrrrrlllluluuuurrrrrrdddddddldrrluurrdddduuuullulllllldldldddruulurdrulurdrulurrrrrlllluluuuurrrrrrdddddddldrrrrluurrddldrrrurdullluullllulllllldldlddddlluuuurrrdrulurdrulurrrrrlllluluuuurrrrrrdddddddldrrrrluurrddldrrrulluullllulllllldldllldrrdrulurdrulurdrulrlurrrrrlllluluuuurrrrrrdddddddldrrrrluurrddrdlurrrrdllrrddlurulullluullllulllllldldllldddrdruuulurrdrulurdrulurrrrrlllluluuuurrrrrrdddddddldrrrrluurrdduullllulllllldldldddluulurrrdrulurdrulurrrrrlllluluuuurrrrrrdddddddldrrluurrddduuullulllllldldllldddddddrruuuuuulurrdrulurdrulurrrrrlllluluuuurrrrrrdddddddldrrluurrdduullulllllldldlddddddrruluuuulurdrulurdrulurrrrrlllluluuuurrrrrrdddddddldrrrrluullulllllldldddddddluuuuulurrdrulurdrulurrrrrlllluluuuurrrrrrdddddddldrrruullulllllldldlllddddddruuuuulurrrdrulurdrulurrrrrlllluluuuurrrrrrdddddddldrrluuulllllldlddddddddluuuuuulurrdrulurdrulurrrrrlllluluuuurrrrrrdddddddldruuuurrdd
sasquatch-045	ruurruruullllldddllddludrddlullllluurdldrrrrrlllluuuuuluurdddddlddrrruurrrurruuurrrurrruruuruuldllulldldldllluullldrddlddllrruuruuurrddrrdduulluulldddlddrrurrlldllllddddlddrrruurrrurruulurrrrrurdddddddduuuuuuuururuulululldldldldduulluulldddlddrrurrdrrrrrurddduurrdddllulddduuuruuururuulululldldldlddldrrrrrurddduurrdddllulduruulllllullldllurrrrllluuuurrddrrddldrrrrrurdddldrrrurddldrurddrdllruuuluuluurrruuldrdlllluldddldrrrurddldrurduluuluuluurrrdrruuldrdluldrdlllluldddldrrrurdldruuluuluuruuruulddduullulldrrrlllldldldddrrrurrrurrrdrruuldrdluldrdlllluldddldrrluuurrddrddluudlluuuururuuruulddduullllldldldddrrrurrrurrrdrruuldrdluldrdlllluldddldrrlddddrdrrurruulluuuldlluuuururuuullldrrurdduullllldldldddrrrurrrurrrdrruuldrdluldrdlllluldddldrrrllddddrdrrurruulluullluuullllluuururrrrrurddulllllldldddrrrurrrurrrdrruuldrdluldrdlllluldddldrrrlluuulllllullllldddruulurrrrllluuuurrddrrddldrrrrrurdddldrrluuurrdulllllllulllluuullluurdldrrurdddluddrrrrllluuuurrddrrddldrrrrrurdddldrddddrddluuuuuuuuuruldllllluuulluulllldrurdddldrrrrllluuuurrddrrddldrrrrrlllluuururrrrrrddldldddddddduuuuuuullllllddrdluuuulllldllddddlddrrrrruddruuldllllluurdldrrrrlurdrdrullllluuuuuuulldrurddddddldrrrrrlllluullurdruuuluurddddddldrrrrllluuuuuurrurrrrdrrrrrrdddddddrddluuuuuuuuudddddluuddrddluuudddrdrrrulldluuuuuddddrrrrruuldrdlllldluuuudddrrrruurul
sasquatch-046	lllulldrlludrrddlllluuuuurrrrlluurrruuuuuuullllllldddlruulrddlulluurrrrrrrrrurddddddduuuuuuurrrrrrrrrrrdrrurrddlddrdddlluuluulrddrddldrdddllldlluruuluurrdrluluurururdlldlluluurrdrrlullllllllddduuurrrrrddrddddlldddllddlllllddlllluuuuurruurrruuuuuuuurrrrrrdullllllddddddddlllddlldddddrrrruuulldruluddrrddlllluuurldddrrrruulludrrrrrrruuurldlluruuruuruuldlluuurrrruurrrrrdrrulrrrddlddruddddlldddddrdrddlullllllllulllllrrruuluuuruuruuldlluuurrrruullllllldllllllddllulurldddruullldrrrrldrulurlur
sasquatch-047	urrdrrdrrrdrruuddlluurldlllullulllulllulldddddrdrruluurrudlldddrddlddrrdrrrrrlurrrrrurrdrrruuddllllldlurrrrrruuluurddduullldddrrdrrullllluldrdluuuurrrrurddduullldddrrdrrullllldlulllllldlllulluurrrrrrdullllllddrrdrrrurrrrrrdrruuldrdlulllllluurrudllururlddrulldllurrdrullldllllddrulurrrrrurddulllllddrdrrrurrrrrrruuurrrdrddllldluudlllllluullllluurdldrrrrurddulllllddrdrrrurrrrrrrdruuldlllllluulllluululuurddddrdrrrrddldlllululurrrrrurddulllllddrdrrrurrrrrrrrrrdrrulllluldlllllluulllluuluuururrdlddldlluurdddrdrrrrddldlllululurrrrrurddulllllddrdrrrurrrrrrrurdrrruuulllduldurrrdrddlllllllllluulllluuuruuuuullllldddddrrurdddrdrrrrddldlllululurrrrrurddulllllddrdrrrurrrrrrrrrrdruuurulllllrrrdrddlllllllllluulllluuuruuuuullldddddldrurddrdrrrrddldlllululurrrrrurddulllllddrdrrrurrrrrrrrrrdruuurullllrrdrddlllllllllluulllluuulllluuuururdddddldrurddrdrrrrddldlllululurrrrrurddulllllddrdrrrurrrrrrrrrrdruuurulllrdrddlllllllllluulllluuulllluurdldrrurdddrdrrrrddldlllululurrrrrurddulllllddrdrrrurrrrrrrrrrdruuurulldrddlllllllllluulllluuululluluurrddddldrurddrdrrrrddldlllululurrrrrurddulllllddrdrrrurrrrrrrrrrdruuurululdrdddlllllllllluulllluuuruulldlluluurrddddldrurddrdrrrrddldlllululurrrrrurddulllllddrdrrrurrrrrrrrrrdruuuruulldrdddlllllllllluulllluuuruuuulluldddddldrurddrdrrrrddldlllululurrrrrurddulllllddrdrrrurrrrrrrrrrdruuuulurddddlllllllllluulllluuuruuurrrdlllllruullddddldrurddrdrrrrddldlllululurrrrrurddulllllddrdrrrurrrrrrrrrrdruuuudddlllllllllluulllluuuruurrrrrullllluldrdllruullddddldrurddrdrrrrddldlllululurrrrrurddulllllddrdrrrurrrrrrrrrrdruuuddlllllllllluulllluuuruurrdlulllddrrurulllruullddddldrurddrdrrrrddldlllululurrrrrurddulllllddrdrrrurrrrrrrrrrdruudlllllllllluulllluuuruuuuurddrdllllruullddddldrurddrdrrrrddldlllululurrrrrurddulllllddrdrrrurrrrrrrrrrdrulllllllllluulllluuuruurrrrdrrrruruuldldlllllllllruullddddldrurddrdrrrrddldlllululurrrrrurddulllllddrdrrrurrrrrrrlllllluulllluuuruurrrrrrrurrdlllllllllllruullddddldrurddrdrrrrddldlllululurrrrrurddulllllddrdrrrurrrrrrllllluulllluuuruurrrrrrrrddrruldlurulllllllllllruullddddldrurddrdrrrrddldlllululurrrrrurddulllllddrdrrrurrrrrlllluulllluuuruurrrrdrrrurrddlurulllllllllllruullddddldrurddrdrrrrddldlllululurrrrrurddulllllddrdrrrurrrrllluulllluuuruurrrrrrrururrrdlluldrdlllllllllllruullddddldrurddrdrrrrddldlllululurrrrrurddulllllddrdrrrurrluulllluuuruurrrrrrrurrrrrrddlllldlurulllllllllllruullddddldrurddrdrrrrddldlllululurrrrrurddulllllddrdrrrrruluulllluuuruurrrrrrrurrrrdlllllllllllllruullddddldrurddrdrrrrdddllllululurrrrrurdddrdlllrruuulllluuuruurrrrrrrurrrrrrdlllllllllllllllruullddddldrurdddlddrulurrrrrurdddrdllruuulllluuuruurrrrrrrrrrrrdllldlurulllllllllllruullddddldrurdddlddrulurrrrrurdd
sasquatch-048	rrrrrrddldldldldlddrulurdrulurdrullddlllllllluuuuuuullulrddddlluluurrurdlllddrdrrddddrrrrrrrrrdrulurdudrulldllllllluuuurrdrruuuuuuruulllllluludlddddrdlrrrdddrrrrrruldllllluuulluluuuurrdrrrrrrddlddddrdldlluurrdluldrrrrulluuuuruuldddddduuuuuulllllulldddddrrrdddrrrruuuuuuuuuldrddddddddlllluuulluluuuurrdrrrrurdrddlluurdldruuuulddllllulldrrrrrrllllllddddrrrdddrrrruuuuuuullllllllldrurrrrrrrrdddddddlllluuulluluulururrddllurdrulllldrrdddrrrdddddddlluuuulluluuurldddrdrdrdddrruuuuuuullluuudddrrrdddrrrruuuuuuulllllllddddrrrdddrrrddlurullrrruuuuuuulllllllddddrrrdddddduuuuuullullldddrdrdrdddrrrrrrrrrdrulurururldldldllllllluuuurrrrurrdlllllrrruuuuuuulllllllddddrrrdddddduuuuuullullldddrdrdrdddrrrrrrrrrdrurururudldldllururururldldlddrurururuuurullldluudrrrddddldldllurururldlddrururuuurullluldrrrddddldllururlddruruuurulllrrddddllurdruuuruuuuulllldlddrrdrrdruuuurullldrdrddlddldldldldldllllllluuuurrurldlluuulluluuurrrrrrrddddddrdllllrurruuuuuulllllllddddrrrdddddduuuuuullullldddrdrdrdddrrrrrrrrrdrulurdrulurldldllllllluuuurrurruuuuurrdluldddddrdllllrurruuuuuulllllllddddrrrdddddduuuuuullullldddrdrdrdddrrrrrrrrrdrulurdrurudllldllllllluuuurrurruuuuuuluurddddddddrdllllrurruuuuuulllllllddddrrrdddddduuuuuullullldddrdrdrdddrrrrrrrrrdrulurururldlddrururudldllurururldlddrururuuuruuuuuullllddlddrrdrrdruuuurulddddlddddldllururlddruruuuruuuuuullllddlddrrdrrdruuulurdruldddlddddllurdruuuruuuuuullllddlddrrdrrdruuuudddlddldldldldldllllllluuuurrurruuuuludrddddlldlluuulluluuurrrrrrurdddddddrdllllrurruuuuuulllllllddddrrrdddddduuuuuullullldddrdrdrdddrrrrrrrrrdrulurdrulurdrulurdlldldllllllluuuuuuulluluullurrrrrrrrurdddddddrdllllrurruuuuuulllllllddddrrrdddddduuuuuullullldddrdrdrdddrrrrrrrrrdrulurdrulurldldllllllluuuuuuulluluuuururdldrrrrrurdddddddrdllllrurruuuuuulllllllddddrrrdddddduuuuuullullldddrdrdrdddrrrrrrrrrdrulurldllllllluuuuuuulluluuurrdlurrrrrddrddddlldlluuulluluulurrrrrrrurdddddddrdllllrurruuuuuulllllllddddrrrdddddduuuuuullullldddrdrdrdddrrrrrrrrrdrurururudldldllururururrlldldlddrururudldllurururldlddrururuuuruuuulluullddlddrrdrrdruudllullluuruurrddrdrddlddddldllururlddruruuurulddddllldldldllllllllluuuulluluurlddruulurddddrdrdddrruuuuuuullluuulurrrrrrrurdddddddrdlluldlluuullulllddrulurdruuulrlurrrrrrrurdddddddrdulldrllllddddlluuuuuldluuulurdruuulurrrrrrrurdllllllldddldddrruddddddrruuuuuuulllullddrulurdruuulrdddrrrdddrrrddlurullrurruuuuluullllldldddrrrdddddduuuuuulldddddddrrrrrrrrrdrulurdrulurdrulldldllllllluuuurrurrrrdlllllrurruuuuluullllldldddrrrdddddduuuuuulldddddddrrrrrrrrrdrulurdrulldllllllluuuurrurruuuuluurddddddrdllllrurruuuuuulllllldldddrrrdddddduuuuuulldddddddrrrrrrrrrurrdluldllllllluuuuuuulluluulurrrrrrrurdddddddrdllllrurruuuuuulllllllddddrrrdddddduuuuuulldddddddrrrrrrrrrurdurrururuuldldldururruuurrdddlldldldlrururuuldldldldurururrdldldllrdlrururuuldldurrdldlruuldldurrdluurururuuruuulluurrdddddrdlulddurrddlluldrdluldururuuruuurrdluldddrdlulddurrddlluldrdldlruuuruuruuullururdddddrdlulddurrddlluldldldduururrdldllrruuldrdluldurururuuruuurruldlluurdddddrdlulddurrddlluldrdluldduururuuruuuuulllldrrrurdddddrdlulddurrddlluldrdluldrdluururuuruuuulllldlddrrdrrlullluururrdrdrddrdlulddurrddlluldrdllururuulullldrrrrlullluururrdrdrddrdlulddurrddlluldrdluldururuullllddrulurrrrdruuuluurddddrdlulddurrddllluruulullluurddldrrrrdruuuluurddddrdlulddurrddlluldrdl
sasquatch-049	rrddrruurrruuuuruuluurddddlddddrddrruuuruullluldddrdddlllluurrrurddullllddrrrruullluuullluuuluurddddldrrrurdddldddrrrruullluldduuruulllldddrddrrrluurrruuurrruuuruulddddrdllluldddrdllluldduuruulllldddlluuuuluuruulddddrdddldddlluuuluurrrurdddldddrrrruullluldduuruullluuuluurddddlddddrddrruuuruullluldddrdddlllluuuruuuluuruulddddrdddldddlluuuluurrrllldddddrrruurrrurddullllddlluuuluurrrurdddldddrrrruullluldduuruulllldddddrrrrluuuruullluuuluurddddlddddddrrruuuruullluldddldrurddldruuuluurrrrdddrruuurrrrddldddlrrrrllluurrruuurrruuuruulddddrdllluldddrdllluldd
sasquatch-050	dlluuluulllllllluurdldddrrrruurrruullllddldurrddllldldddddruurrruulldurrddlllrrddrrrruulllrrruullrdurrruullruuluulldurrddllrrrddlddddruluuurrddlruuluurlddrddrruulrrrrruuuullllllrrddrrudrruulllrddldurrrddlurulddlddlddlllluurrruurrddrddrrrrrrrrddluruuuluruuullluullllrrrrddrrurulddlllddrrudlluurrrlddlddlddrrudlluurrrlllllddlluuluururduurrrlllddrudrllllddrrudlluullddrlldurrddrrrrrllddrrrrlllluullluullllddrrrddlludrruurrddlrrruullddrrrrrruulldurrddlllluurr
sasquatch-iii-001	lurdrddddddlldllurdrdrruuddlluluuuuurudldddddrdrruullrruuruuldddduuuuuululldrddlddddrrruuuuuurullrdddddddllluuuuruururddduulllurrldddlddruuudlddddrrruuruuluululldrddlddddrrruuruuluurullrdddrddlddllddrululldrruluuuuruururrdlddrddlddllddrrudllulluruuuuruururdlllur
sasquatch-iii-002	rdddrruuruurrdrdrddllururdlllluldrdlllrruuruurrdduulldddrrllurluuldduurruulddrddulullurrurddulllllllddrulurrrrrdrddddllluuululldrdrurdulluurdlddrruluurrdrrruuldrdlullllrrrrdddddllldllurrrrdruuuruululllldddrduuluurrrrdrddlddlllrrruuruulduuurddullldrullldllurrrrrrlllldddluulurrrrlldddrdddllurr
sasquatch-iii-003	drrrrrrrruuluuuuuuulllllllllddrrudlluurrrrrrrrdrddddddlllluululluulluurrrrrrrrurdddduuulllllllllddrrudlluurrrrrrrrllllllddddrrdrddlluluuuuddddrdrrrrrrrddlllllllluuudrrruululluulluurrrrrrrrdrddddduuuuulullllllllddrrddrrdrddlllddrrrrrrrruullllllrrrrrrddlllllllluuuuurrdrddrrrruuuuuuluurdddduuulllllllllddrrudlluurrrrrrrrllllllddddrrdrddrrrrrddlllllllluuuuuuulluurrrrrrrrdrddddduuuuulullllllllddrrdddddddrrrrrrrruullllrrruuuuuuluurddulllllllllddrrudlluurrrrrrrrlllllldddddddddrrrrrrrruullluuululullrrdrdrdddrrrddlllllllluuuuuuudddlldruruuullddrdrulluurrrrrdrdrdddrrrddlllllllluuuluuluuuurrrrrrrrdrddddduuuuulullllllllddddrddrdddrrrrrrrruullruuuuuuluurddddddduuuuuulllllllllddddrddluu
sasquatch-iii-004	ulllllllllldldldlddddrrurdldrrrrrrllllluuuulddurrruluurrrrrrrrruulllllllllldldldlddddrruuurldddlluuuururururrrrrrrrrrddlllllllllddrdllrrrrulldlldldlluuuururururrrrrrrrrrddlllllllllddrdrrrrrrdddlddddrrrruuuuuuuruuullrrdddldddddddlllluuuuruuullulllldrrrrrrulllldrrrrdddlddddrrrruuuuuuuruuulluulllllllllldldldlddddrrururrrrrrrurrruurrdddldddddddlllluuuuruurudlddlddddrrrruuuuuuuruuullddllllrrrddlddruuudlddlddddrrrruuuuuuuruuullddlldlllllllldlddrrrrrrrrlllllllluururrrrrrrrrddludrddluuruulrddluddllrdulllllllluurdldrrrrrrrrdruudllllllllullluuuururururrrrrrrrrrddrrdddldddddddlllluuudddrrrruuuuuuuruuulluulllllllllldldldlddddrrdrrrrrrrrdrullldrullldrrulllldrrulllldrruluuuulddrddlulluuuururururrrrrrrrrrddrrdddldddddddlllluuurulllllllrrrrdrullldrrulllldrrlllluulluuuururururrrrrrrrrrddrrdddldddddddlllluuurulllllrrdrullldrrlllllluulluuuururururrrrrrrrrrddrrdddldddddddlllluuurullldrllllllluulluuuururururrrrrrrrrrddrrdddldddddddlllluuulurlldllurrlldllurrlldllurrluuuldrdddrrrrrrrdddrrrruuuuuuuruuulluulllllllllldldldlddddrrdruudddrrrulldludrrrrrulllldrrrrrrulllldrrrrrrulllldrrdddrruldluuulurlldllurrlldllurrlldllurrlluurdlddrruldlurulddrrrrulldludrrrrrulllldrrrrrrulllldrrrrrrulllldrrdddrrrrullldluuulurlldllurrlldllurrlldllurrlluurduluurdlddddrrrrrrrrddrrruruuuuuruuulluulllllllllldldldlddddrruurrruluurrrrrrrrrllllllllldddrrrulldrrrrullldllllddlluuuururururrrrrrrrrrddllllllllldduurrrrrrrrruulllllllllldldldlddddrruurrrrrulldlllddlluuuururururrrrrrrrrrddllllllllldduurrrrrrrrruulllllllllldldldlddddrruurrrlllurldddlluuuururururrrrrrrrrrddlllllllllddrdlulldddddrrrrrrrrrruuuuulllllllrrrrrrrdddddlllllllllluulluuuururururrrrrrrrrrddlllllllllddlldddddrrrrrrrrddrrruruuuuuruuul
sasquatch-iii-005	ldllllulllrrrdrrulllldrurrdrrrulllllrrrrruldrrrddldldllullllllluluuuururrrrrrrrddrdldlluurldllurrddrrullullddrrulrrrrrrddldldllullllllluluuuururrrrrrrrddrdlllurdrrrrddldldllullllllluluuuururrrrrrrrddldrruluulllllllldlddddrdrrrrrrrdrruluuruulllddruurrdlluruulllllllldlddddrdrrrrrrrdrruluuruluuulllllllldlddddrdrrrrrrrdruuuddrruruul
sasquatch-iii-006	lddrddddllllllludrrrrrrruuuuluullddddduuuuurrddrddddlllllluuurrlldddruluurrurddduuuuurrddrddddlllllullluurrrlddrddluruldrrrrrruuldrdlllllrrrruuruulddrrruullddddllluuuuuurrddrddrrdrdluuuuldldddllllluluurrllddrdrruuudddlldluudrrruuullddldruuulllddrrdrullluurrdurrrdddlrrrruulduruuldrrrddlruuullluurruuluuuurrrrrrrdulllllllddddrddrruuuuudddddlluuluuuurrrrrrdddllruruuldrrrddlluuullllllddddrddrruuuuudddddlluuluuuurrrrrurdldrullllllddrulurrrrrlllllddddruulllddrruuuurrrddddddlluuluuuuldulldrdruldddrururudlddrudddrruuuuuurrdrddllrruulullddduuurrurddullldddrrrrruuulllrrrdddlluulurdddrruulrddllllluuur
sasquatch-iii-007	uuurruldddrurrdrrddduuullullddddruluuurrddlruulldduuluurrdulldddrdrruullruldrrdrrdddlddrrruruuuuuuulullllulldurrdrrrrdrdddddddldllluuruuulluluulddddrddluuuurrdrrdllrrddludddruluuruullullddddrrlddluruuluuuruuldddllurlurlur
sasquatch-iii-008	rdddlddlduruuldulluurdldrrulullldrullldrrurrrddlurullldrrdrulllllurrdrrdrrdrruullllllrrdrrdrddluuddrddluudllluuruuudddlddddruluuuruuurrrrddlddldlldluudrullldrurrddlurrruruuruulllldddduuuurrrrddlddldlluldllurdrrrruruulddrdllluuuuurrrdduuruuldddulldrullllulldrrrrrr
sasquatch-iii-009	ruuuuruululdlddddrruululurrlddrruruuldllddrddlluuruulldrddludrdrrddrruulrddlluuudlluuuurrrrddllddllulldrrrrlluuuulddrddrruulrddlluuddrrddrruulrddlluuudlluuluurrrrrdrrdrddlllddlluulluurudlluurrddludddllurdruuruuuuulldddddrddllurdrrrddrruurrruululldlllrrrurrurddullldllddddrruurrudrruluuuuulddrddddlllddlluuuurruurluurlddddllddddrruurrruuuuuuuldlluldrddddllluurrllddrrruuddllddddrruulrddlluullluuuuuururd
sasquatch-iii-010	lululldrllddrdrruluuddrrurrurduururrdlrrdrddlulullrrdrddldllururuullddulllldlluullddrluurrddllurdrrruuldrdl
sasquatch-iii-011	ruuululldrdrudrdddrruruulrddldlluludlulldllurrrrdllullddrdrdrdrrruuldrddllulurudllurudddrdrruuullrrdlrddllululululuurrrrdrdurdduuuuulluurrdddddllurdruuulldulldldlddrdrdrdrdrrururururuululullllrrrrdrdrddlululrdrddldldldllululululuurururururrdrdrdrdrdrrdrdrruruululldrllddrdrruluullddrluurrddrruulrdldllluurdldr
sasquatch-iii-012	ldddddllllulurrrrlllddrrrruuuuddddlludlluurrddrrrrddlllluurrdurrddlluulllluurrdullddrrrrddddlluuuulluurrdullddrrddddrruuuuuuuullllddrrddllulurddrruuudddddddrruuuuuuuullrrruuldrdluuuuullldrrurdddlludrruuullldrullldrurrdddlluulurrrdddrrrddlddddddddlluuuulluuuuuuuulurdddddddddrruuuuudddddddddrruuuuuuuuruulllrrrddlurul
sasquatch-iii-013	drrruldrrruldrdrruruuldldldrdrddrrruulluululdrrdddurrddlldluruuuuluurdddddurrddlluuuullllurrlldllurrrllldllurrrdrrrrruuldrdlllllrrurldllurrdrrruuldrdllllurrdrruuldrdlllrrrddrruullllrrdddddllluulrddlruuldllluuuulurrrrrrdrruuldrdlrdddddllluulullrrddllluuuulurrrrrrllllldddddrrrrdrrruuuuuuuldlllllldddddrrudrrdrrrddldllurldlluruuuruldddddrruldluuuruulullrrdrddlullluuuuddddrrrdrrrrddllldlurrrruulldurrddlluululllluuuulurrrrrrrurdddddddlllulllluurrrdulllddrrurullrddlluuuulurrrrrrrurddddduuuullllllldddrrdrrddluruldlurullrddlluuuulurrrrrrrurdddduuullllllldddddrrrdrrdddlluuuuruldlurullrddlluuuulurrrrrrrurddduullllllldddddrrrdrrddldluuuuruldlurullrddlluuuulurrrrrrrurddullllllldddddrdrurrdrddlluuuruldlurullrddlluuuulurrrrrrrurd
sasquatch-iii-014	rruurrurrdlulddullddlluurrrrllllddllddlldllurdruudrruurrddllllrruurrrrdlulllddrrudlluurruurrrrurrddddlllluuurrdduuurrddddllrruuululddullllddlluurrrrrrllllldldddlldlluuuurrrrdddlluudddlluuuurrlldddrdruudrruuuurrrrddddllllllrruuuurrrrrrurrddddlldlluuuullllddddlldlluuuurrurrddddrruuuurrdddrluuurrdluldurrurrdluldrrdddllrruuullllllddddllllurdrullddllurdrurrrruuuurrrrrrdddlldlllllllldllurrrrrrlllllluuurrurrdlrurrrrrrurrddddlldlllllllrrrulruulurrrrrurrdlrdddlldllurldllurluur
sasquatch-iii-015	lullldllllrrrrurrdulldrdullllluurrdrdrrurrdrrdrrrurrrrlllldlludrrururdrrddlluulldllurrrrlllllllulldrrrrrlllllllulullddrrrrrulldllluurrdullddrrrdluuullllddrddrruruurrrdllurrrrdlllrrrdddlluuddrruuullulllullllddrddrrurrrllldlluuluurrrrdrrrdrrdddlluuddrruuurrdrrrullllruuurrdduullddddrrrulrruldldllurrlluuurrddlruullddrddruurrdlrrddrruullddrrrruuluulldlllddrluurrrurrddrddllllullllurlurlluurrddlddrrrrdrrrruuluulldllll
sasquatch-iii-016	lurulddrrdldrlluruuurduuurrdrddllldludddrudddrruruullluldldddlluluurrrruulduuuulldlddrr
sasquatch-iii-017	uulllddddrluurdluuurldlldrurduurdurrdlllddrulurddlddrudrrulrdrrlldurrdlurruuldrdlrrdlrddluuuludldrurrddluluuuruulddddllldrlddrulddulrddlurdddurruldluddludllurrruuldrddllururrrdrrulllluuuldulldrulllrrudrudlllurdlllurdddrulurlluuurdddrruldlluurdrdddlddruuuurrruudlruuuuruuldduurrrdlldlllulldrrrrddduld
sasquatch-iii-018	ulddrruurruruuullrrdddldlllluulullldduurrrdrddddlldldddrrlluuururrrrddrdrrruuurulddlldldruurrddddllluurrllddrrruuuullullddrluurrddurrddllulduluuuurrddddldruuullulldlldldddrruurrrrluurrdrrddddllludrrruuuulldlllllddrdrulluululdrrddlllluuurrdduulldddrrrrdrruldlulluurrrrruuulldlldurrurrdddllllullldddrruurulrurrduurrdddlllluldrrrrruululddurrddlllluurruuuululllddrrdrrllulldldruurrurulddlluuuurrrddllrruulllddddlddruluruurrdddrruulrddlluuruuulllddrrdrudrddddlluuuuruldddrrdrrulllrddlluuuuddrrrrrruruuullddrluurrrrdddllullldduuruululdrrddrruddrruuullllulldrurdrrddlllddrrudlluurrdrrruuullddldrldlllluurrrrdrulddddlluuudlluurrrrdddddrrruuldrdlddddlllulldllulllluuuruuluuruuuurrrdrrurrdrrrrdddldddddduuuuuuruuullllulldrrrrllllllulllddddlddruuuuddddddldddrrrrdrrullll
sasquatch-iii-019	ddldllullluuddrrrdrruruurrdrddldddllrruuuruululluururrdrrrdduulllulldlddlluluuruuurrlldddlddrdrruurdrddldllulrdrruruullddurldlluurlddrrulruddrrrddldddlluulullullldddrdrruulurulrdrldddlluluuuuurrurrrddrrrrddldddlluuluuudddluruuruulllldlldddddrdrruulurdrrrddrruullllruuuruulllldlldddddrdrruurrrddrrrrruruulldllruudldddlluuluuuruuruurrdrrrddllddulllrrddldddrrruruulldllddlluurlddrrrrruruulldluldurruuurruullddddullluullllldlldddddrdrruurrrddrrrrruruulluuuuurruuulullddrdllrdrdddllluulllluuruuurrddrrlddduurrdrddrruuuuulullddrdlullluullddrrrrlllldlddldlldddddrdrruurrrrrrruuuurruuuuulullddllluullllldlddrrurrldduuruurrddrrrrddddddddlllllllddlluluuuuurruudrrrlluuuruullldlddrrurdldddlldddddrdrruuluuuuuuddddddrrrrrrrruuuuuuuulllluullllldlddrldduuuururrrddldlurruurrddlrrrrrddddddddlllllllluuuuuuurrulldddruluurrrrrrruullrrddrddluulldrurrdddddddrruuddlldllurruuldrddlllllllddrrlluuluurddrrul
sasquatch-iii-020	ddddrrrrdlullllllldrurrruurrrdulllddrrruuruulddlllddrrrudllluurrrddddlllddrrrudllluurrrddrddluullluurrrdulllddrrrlllllludrrruulllddlddruurrruullldurrrddllluuuurrruullldurrrddllluuluurddrrrddllludrrruulllrrruuldrdluurrdldddrrruullrrddllulurddrrddlluuddlddddruluuurrrddllrruullldduuruuuulldrdrddlllluurrurrdddruldllludrrruuulldduurrdddllrddrulurddddluruuullulldddrrrruullduulldddrrurdrddlludruuudlurruurrdddllulduluuuuuuurdurdddddddldrddlu
sasquatch-iii-021	uururururdlldldllulululdrrdrdrddddrdrdrdrullululldldldlurrururrdrdrrruuuluudllurlddrdrrddludllulldrrrdrullululuurluululullldddrddldddrrrururrddluuddrrrddluruldlululldrllddrulurdrulllluuururrdlurululluurdurrdrdrddlruulululuurdrdlluldrrrrddurruruuldldurrdll
sasquatch-iii-022	rrruddullllrllluddurrrrrrururulddlddrurudlllllllluluuurrrrrrrrdddlddrdruldddruldlllldddrrrrruululllluuudddrruldludllurldlluuldururuuldldurrrrdrrurrdrdddlllllllluuuruululduruuldurrrrruuulllllddrddddrddldddrrrrrrdlurrrdrddllllluururrruuululldllulldldddrrrrrllldrullluuururrdrrurrdrddddrddllllluurulldrddrrrrruuluuuululldllulldlddddrrrlluluuururrdrrurrdrddddrddllllluululdrrddrrrrruullllllrrurdrruuuululldllulldlddddrrurrrllldrurrdrrrrddllllluurulldrrrrruurdduuluurdduulluurrddurrdddddlllllrruuruulddddruuluululldllulldlddddrrrrddrrrrruuddllllluuururrlldlldllluuuururrdrrurrdrddllldllullrrdrrurrruululldllulldlddrrrddrddrrrrruullllrrrrddllllluuruurrrrduluurdulluurrdrrdddddlllllluurrrurdululuurrddllulldllurrluldlluluuurrrrrrrrdddldllllrrrrurrdlldrddluuddrruullddllddrrrrrruuuuulluldddldllddrrrruuuuddddrruuuuulluldduuuurddldruuuluurdddduuullllluuurrrrrddddlddddrddddrruuuuuuuuuulrddddddddddlluuuuluuuuulllluuurrrrrddlddddddlddldldrrrlluuruuruuuuulllllllldddrddlddrrrdrrlldrddrrrrruulllluldulullluuruuluuluuddrddluuddrrddlluudlldddddrrrrrruullluulurdddludrrrrddlllludrrrruullluludrdrrrddlllluurrrrdrrdrrrrddlllllllllluulluuuuurrdrrdldlduruuluuruuurrrrrrrrdddddlddlldlldllluuddrrrurrurruuruuuuulllllllldddlddrdduuluuruuurrrrrrrrdddddrddduuullddlldlldlllluuruuldduuuuruuurrrrrrrrdddddlddlldllulluulluurddullldddddrruuuuddddlluuuuurrdrrddrrddlllrrruulluuluuldlldddddrruuuurrddrrdrrurruuruuuuulllllllldlddrddlddddlluuuuurruuuruulddurrrrrrrrrdddddlddlldllulluulluuruuldduuuurddurrdlulldddrruurulrrrrrrrdddddlddlldllulluullruldrrddrrdrrurruuruuuuullllllurdrrrrrdddddlddlldllulluululuuuuurrddddlruuuullddddrruuurrrrrrrurrrddddddddddlluuuuluuuuullllduuddllulullddddrruuddlluuuurrrdrrrrrruruullllldduurrrrrddldlllllrrrdlulldllddlluuuurrrrdrrrrruruulllllddldrrruldlldllddlddrddrrdrrurruuruuuuuuruulllllddldrrlldllddlddlddddlluuuuuuuuuurrrrrrddllddlddrddrrdrrurruuruuuuuuruullllllllllddrrrrdrullllluurrrrrrrrrrddlllllldrrdrrlluurrrrrrddddddddddlluuuuluuuurudlddddrddddrruuuuuuuuuulllllrrldurrddlddddlddlldllulluuluuruurrurrdrruurrrrddddddddddlluuuuluuluuddrddrddddrruuuuuuuuuullddlruuldddduuuuruullllllllllddllddddddddddrruuuuruuruurrurrdrrddrruudllullulldllddlddrddrrdrrurruuruuddrddddrruuuuuuuuuulllldurruullllllllllddllddddddddddrruuuuruuruurrurrrrurrrrddddddddddlluuuuluuluuluurrruulllllddldrrluuurrrrrddlllldludrdrrddrruuudddlddrddddrruuuuuuuuuulluullllllllllddrrrrddllddlluuudddrddrddrrddlllrrrurrdrrrllluurruuruuluulluurrr
sasquatch-iii-023	llluuuulrdlrdddddddlrulrrrrrdulldurrrrdrlurluuuuuuurldrlddrlddrlrdluuurdlllllllulrddlruuddldruuuldruuuluuurdddddldruuuddluurrrudrrurdlllurdlllurluullldddrrdruudllluuurrdddllurluurrrdullldddrrrrlddluddllurrdrudddluulldrurrdddrrruuulllrrruuulllulrrdrruldlluluulldddrrrrrurdlllludrrrruuulddrdllllrurdrullldrrrrdduurrrllluuulddrdlullluurdldrrrdrulllluullddrldrluuurrrddrrdrrrullllrudrrrdrrllllluuurdlddrruluurdlddrruldrrrullrruulddrdluuurrrddlldlddruuurrdluldrruuulldurrdddlllddruddrrulldludddruurrdlullddruldddruuddddrruuulldlulldrrurdullllldrrllulldrrllurrrrdllrurrrrrrdddlluulurdddluurullldrurdllllulldrrrrlllllddlluurrruuldrdlddlluurlurldddrrruuurrdlrrrullrdddludrrluuuldurrrrrdddluurullldrurdrddrrudlllurulddrrruulrulrdddllluuulldrlllurrldddrudllrudluruuuuluurdddd
sasquatch-iii-024	rrruruululldddldruuuurrdrddlddrddldlluuudddrrurrdlrrddllllrrudrruuluurduurrddlrrrrdrrddllllluururrdllrrrrddllludrrruulluluurdduuurrddddduuulruulluluurduurrdddrdluuuulldlldlddddrruruuluururrddddlruuuulldlddrduluurduurrddlruulldllurlluurrrrlldullddrddluuddrrdlldddrruluuuddddlulluurrdulluluuruurrddddrduluuuullddduuurrrrdduullllddldllulluurrrrrrrddrruullddddrruldlulluuulllllddrrdrrrrllllurrlllluurrrddrddldlddrdrruuuuluulllldddlddruuuuuudrrrrddldludrruuuldduulllddrrudlluurrdddddrddluuuuuuddddrrlluuullddddrluurluurrdduuurrdlrdl
sasquatch-iii-025	lllrrrrrruururrdlddllllulldlllrrrurrdrruurlddrruullddddrluurrddrddrddlruuululuullllulldrrrrrlddrruuddrddrddldllulluuulluulurrrrddrdrulluuuurrddddlluurlddrruullllldddrrdddrdrrruruulluuddrrulullluullldddddruruldluuururrddrrrddrddldllulluluuluulullddldllldddrdrrurruuurlddrruulldddlldlluluuurrruruurrurrdrrddrrrddrddldlluulullulllddrrurrrdddrrruruuulullluuuurrruuruulullldldddllulrurlddrrururuurrdrddlddlllddllulldlluulululluururrdrrdrdrddurrururuurrdrddludddlllddlldllurrrllllluulululluururrdrrdrdrdddldrrllllddldllldddrdrrurrurruruluuddddlluurldddllurdrurrurrrddluruldlllldllurrrrrrdrruldludrdrrrullrrruuldrdldllurlulldrrulllluuudddllllddlluluurduurruruuldldurrdldlruuldldurururuuldldurduluddrrrrurrdllllddllururuullddrddluuddldlddruruuddllururrruluruululdrrddludrrrurrdlllluldrrruruuulululullldlddrrdrdululldruluururrddrdrdrluluurdrdrdddrdlllruruurrululllrrddddrdlluruuurrruruuldldurrdldlruuldllllulldrdrdrluluurdrrddduuullulullldlddru
sasquatch-iii-026	ldddrrrrddrrurruuulluulllldlldddrrdrullluuuuuurrrruurrdrrdddllddrrdddlldlddllluulluuddrrddrrruuruuuddrrdlurulruulduululldrldllulluuurrrrdduuuurrdrrdddllrruuulluluurdullllddrrddllddrululldrullluulldlldddrrddrrurlurlddlluulluuurrurrdddrddldddludldllurluururrllddrrdrullllddrrdrddluruullluurdurrrdrrddllrurulrullllrrruuuuluuurrrllllldruuurdurrdlullldrddlddduuulldrlddruudddddlddddrrdrrrruurrddrrrrruuddlluulluululrdrruldddrudrruldddludllurrlllulluuuuuuururrdrdddddddrddllululluurrurldllddruluulllllddddrdrrrrruuruddrdrruulldlldlluruuuuuuuulllrrrrurrdrdddddduuuuuulullluulrdddddddlllluuuluuuuurrurrrrdrdduulullllldldddddrddldddddrrrrdrrurrdrruuluuuuuuuruuullrrdddllllrrulrrddddddddrddllulldllulllluurduuluuruuluuuuururrrrrdrddurdurrdlddddddlllrrrdddrddrruldlurrrruuuullllrrrrddlduuruuluuruuullddllrruulrrruuldrdlrdluuuullldrrulllldllulldrdrluurdulllldrrllllddru
sasquatch-iii-027	ldldldurdlldllurlluuuruluuuurlddddrrurruruuldluuddllurlurddrdurrdlddlluudrddldddlluuuuuruldddddrdruuldlurrururrdrrruurrurlddrullldrlddrddlullrrdrrrdddldllllllllururdlllurdrrrdlrrruuruuddldlllurrddrrrruuldrdllrulurrruulluuulldruuuldrddllulluluulldrdulldrruurrrddrddrruuurrrrrdrddlddrddllrdlurruuuuuulullddllrrdddlluruddrrruuldrdlurrduuuullulluurrrdrdduululludllulluurrrrrddldlddludllurdrrrdrrruululuurdulullllllllddrddddrddrrururlddlllurrdrrddlluullddlluurrurulllurulruuluurrrddrrrddddlluulldduurrddrrurrurrdlldlluullddrruuuululurrdduullllllddrrudlluurrddldduuluurdd
sasquatch-iii-028	uuurddlldllurrdruruullddrdldrddluuddrddludllurrdrddluruluuruururrdllululuurrdduuluurdurrdlluluurdldrddluuddlddruuddddrrurullrdrrrdlrddluururrdlulduulldrrllldllurrrllldlddrruulurdddlddruuuuldduuuulllddrrllulldrlddruululldrurdrrullrrurrdllrrrdrrruullrrrrdluruulddrddrruulrddllurluluurddrddlluruuldrddlddruullllddlluuruluuurrduuulduldulldrrurruulldurrddllrudrdrrullullddrurrdlulldllurrddddllddllurlurrrllluurddlddlluurlddrruudlurruulddlddrruluurdlddrddluurrrrddrrddludluuudddrrrrulldllddrrudlluurdururrdlldlluurdrruldllulldrr
sasquatch-iii-029	llldlddlddrduluurdrrlluuururrdddduuuuuuuuuuullllllllllllllddddddddddddddrrrrrrrrrrruuddlllluulullulldlrurrdldduurrrdrddllllrrrrrrrruuluuruururruuuuuuulllllllllllllldddddddddddrrlluuuurruruuruuludrddlullrrdddldlluuuuddddddddrrurrdrrdrddrrrruuluuruururruuuuuuullllllllllldduurrrrddrdrrdrrurldlluruuddllluluurrrrllllllllddrddlddldllddddrrurrdrrdrddrrrruuluuruururruuuuddddrrdddddrrrrrrruulullulldlrurrdldduurrrdrddllllrrrrrrruuuuuuuuuulllllllllldddddddrrrrldddrrrruuluurddduurrlllllulldrrldddrrrrlllluuullluuuuuuurrrrrrrrrrdddddddllldddlllluuuuuuruuludrddlullrrdddldlluuuuddddrrrdddrrrruuurrruuuuuuullllllldddduuuurrrrrrrdddlldllurrrlluudddddlddruudrrruuuuddddllldddlllluuullluuuurrruuurrrrlllldddlllddlluuuullllrrrrddddlldllurrrlldddlddruuddddlllluuluurddduulllulldrrlllluuuurrurrdlllruruuruuldduuuurrrrddrddluuu
sasquatch-iii-030	uuuuuuurrrrrrdrddddddlldluuddddruulddddllllddrrrrrruruuuuuullulddrddlddruuuulddrddlllllddrrrrrruruuuuuullulddrddddllluuuuuuuuuurrddrdduuluulllluurrrrrrdrddddddlluuuluurddddluuruulllddddddddddrrruuuuluuruuuullllluurrrrrrdrddddddlluuuuullllluulllllldlddddddrrurddddluuruuuuuurrrruulllllldlddddddrrurdduuuuldduuruuldduurrrrruulllllldlddddddrrdruuuuldduuuurrrrruulllllldlddddddrrdruuluuuurrrddddddddddllluuuuruluuuuurrrdddddlruuuuulllddruldddruldddruldddruldddrurlluuuurrrdddduuuuuuuuurrddddddddddlllurrluuuuuuuuurrddddddddduuuuuuuuurrddddddddddlllrrrulruuuuuuuuulldddddddddrdrrrruuldlllruuuuuuuuulllldddddddddrrrluuuuuuuuurrdddddddddlllluuuullluuuurrllddddrrruuuurlddddddddrruuuuuuuurlddddddddrruuuuuuuullddddlluuuurrrrddddllddddrrrruruulduruuldllrruruulddrdluuuruuldddrddddddllluuuuuuuururrddluddrddluuddrddluuddrddllllldurrrdllurrrrdllurruulduuuruulddduuuruulllddddrluuuurrrdddddludrddludrddlullldrrurruullrruullldddurrrddlldlluruuuurrruullrrddllluuddddddlluuuurlddddrruuuullddrlddrruurrrddlldlullldrrurrrruuuuuullllrrrrddllllluuddddddlluurlddrrrrrrruuuullllldddullddrruulluuuuuurrddddddlluuuurlddddrruuuullddrlddrruullddddrruurrrrrddlllldlullldrrulllluurrlluuuuuurrrdddddddulllddrrruullluuuurrllddddrrruuuulllddrrlluurrrdddduurrrrrrrrruuuuuululllllllllllldlddddddrrrrllddrrruulllddddrrruurrrrrrrddlllllldlurrrdllulllluuuullddddddrdrrrrrrudrrrrrruruurrruuuurrdrddluuddrrruuuuuulldddduuuurruulllldlddddrrdruulddddrrruuuuuulllddrdluuurrrdddlruuurrdddlluuuuurrrrdrddddllluuurdduullluurrrrdrddddlldluuddddruulddllddrrrruruuuulluldddrdlllurluurldddrrruulduruulduuruldddlluurlddrruruuldllurllllddddddrrlluuuuuurrrddddddllluuuurururrdrrddllluullldddrurlldddrrruuudddllurdrullluurdduuluurdddurrrrrrruuuululllllllldlddddrrdruldddrurrdlulluullddddrdrrrru
sasquatch-iii-031	ldlldllrrddlluddldluudrrrlldllddrrrlldduurrddlrrdrdllrruluululuuluuluuururrrdrdddlldldludrddrddrddldllluuluuluururrrddllullddrruulurduddrrrdrrudlluuluurrdrdlldluudrruulldddrdrrudldddlddrrruruulldlrurruruuddlldldlldllluuluururrrdrrurddullddrdluuurrdrdllruullddrrrddldlurrurrlluurrdrrrddlldlluluuuruulrdrrurddrruuluulldduurrddrddldddlldlluluuururrurdllldldddrdrrurruuuruuluulldddllulurrurddullddrruuululldurrddrdrrlldlldllullluuruuuruuururrrddrdrrrddrddldllluurrdrdluuluuddlluuruuurrddrddldllluululurruullldlddrrurrurrrddrddldllluululurldlluururdlllullldldddlduruuururrrdrdddldddldddrdrrrddrdrrurruuurudldddlldlluluuuruuuruulldluulurrlddrruuddrddldluudrruulldluudrruulldludldddlddrrurrurddrdllruullddullddrrurdulullluururrurrrddllulurrurddullddrrlddrruulurldllduullduddrdlldluudrruullruullddrdl
sasquatch-iii-032	urrrrddllldlllldllldddrurrrrrruuulldlurrrdddllluuddlllluurrrurrrrurddldrrrlluuurrdrdrrddlluudlllldllluulurrrrllldddlllulurrrllddrrruulurrldddludlluurrdrullldrrulluuluuurruldldddrruuddlluuururrrrrdullllldldddrruurrrrllllddllllulldrrrruuururrrrrddlllldldddldrruluuururrrruullllldlddrdlllulldrrrrurdddldruuuuluuruulddddrdlllulldrrrrurddduuuluuuuruulddddddrdlllrruuuurrrruullrrddllluuldddddrruuluuurrrddllluldddurrddldddlddrrrrrrruuuurrruulllllllrrrrrrrdddrrdruululldllddldrrrlluuurrdrdrrddlluuruuullddrrdrullddlllldllllllluurrrrrurrurddldrrrlluuurrdrdrrddlluuruuullddrdrullullldlldllurrrrurddldrrrlluuurrdrdrrddllullluuurrurrdduuurrdluldllddrrruddddlluudllluuurrdrrldddrruuullddlllldllluulurrrrurddldrrrlluuurrdrrrdddllulllldlllludllluurrrdrulurrrrlllldddludlluurrrdrulllldrrrulluuludllulldrrrrurdddldrrurrrurrurrruulllluulllllldddrdlllulldrrrrurdddldruuuuruuluuurrrddlllulddddrdlllulldrrrrurddduuuluuuuurrruulullldldddrrddrrdrrrrrruuuulluulldduurrrdldruuurrddldddduuulluulldldlllddddddrddrrrrurrurrruulllllllrrruulllllldddrruudrrrruulllldlluuurrrururrrdldrurdddduuuulullldldllldlluuururrrdrrrrlldddulllldddrrurrlldddldddrrrrurrurrruulllllllrrrrruuuuullullddddllldlurrrruullldlddrrulrulurldddlddrruudrrrrrruuuuullullddddlldlurrruuuurrdrrruullddldrurdddduuuululllddddlldddldddrrrrurrurrruulllllllrrrrrrrddllldlldlllluuuruuluruulddrddrrrrrruuuuululllllullldldddrrurdrddddlluuudddrrurrrrrruuuuululllddllruulullldldddrrdddddrddrrrrurrdrulurrlldlldllurrrrurdldddllluulurrldddlllulurrrllddrrruuddrrrurrdlluuurdlddlllllrruururrurdllldllurrrlldddrrruuudddrruldlllluuurrrrdulllldddllulurrlddrruulurrrrdrulllldddrrrudruldllllulurdrulurrrrlllldllldddruulurrrdrulurrrlldddrrrurrrrdrruuullludrrrdddlluurldlllldllluullluuururrrrrrrruuurrdlurrrdlddlddduuurrdluld
sasquatch-iii-033	lllllddrrrdrddludlluruddrruulullllrrrrdrddlluurullldluuddlddrrrdruuurulllrrdddrurulullluurrrrdrdrddllulullluurruuulllllddddlluulldddddddddrdrrrrruuudddllllluluuuuuuuuurrddrruuuurrrrrdddlldddllddrrrdrulllluurruuldrdluuruuldddrrrrdrddllllldddrrrrurrurruruuuuuulululllulddduurrrrdrdrddddddldlldlldlllluuurrrrrurruuuulllllrrrdrdrddllulullluluurddduurruuulllllddddlluurlddrruulllldddddddddrdrrrrruuuurrrrruulullluurruuulllllldurrrrrrdddllddrrrdrddlllllddddllllluluuuuuuuuurrddrruuulurrrrrllllddddlluulldddddddddrdrrrrrurrrrurrurruruuuuuulululllulddduurrrrdrdrddddddldlldlldlllluuurrrrrurruuuulllllrrrdrdrddllulullluluurdrruuulllllddddllurdruuulurrrrrlllldddllulldddddddddrdrrrrrurrrrurrurruruuuuuulululllulddduurrrrdrdrddddddldlldlldlllluuurrrrrurruuuullllllulddurrrrrdrdrddlldludlluruddrruulullrrdrddlluurulddldllddddllllluluuuuuuuuurrrdruuldlddddrudddluuuuuruuurrrrrrdddrrdrdrddlldllllldddrrrrurrurruruuuuuulululllulddduurrrrdrdrddddddldlldlldllllulllluuudddrrrruurrrrrurruuuulllllluldrrrrrdrdrddlluldrdlllurrrrruuuulllluuulllllldddlddrddldddrrrrddllllluluuuuuuuuurrrdruulurrrrrlllllddldddrddldddrrrrdrrrrurrurruruuuuuulululllulddduullllllddldddrddluuuudddddddrrrrddllllluluuuuuuuuurrrdruulurrrrrlllllddlddddddddrrrrdrrrrurrurruruuuuuulululllulddullllllddldddruulurdruulurrrrrlllllddlddddddddrrrrdrrrrurrurruruuuuuululullluldlllllldddddddddldrrrlluuuuuuuullldddddddddrdrrrrruuu
sasquatch-iii-034	uluuruuuluuuuururrddrdrrrrdddlluldrdldldlddrddllululuuruuuluuuuururrddrdrruldrrruldrdddlllddlldddrddllululuuruuuluuuuururrddldrrrrrurdddrdllllrrruuullluldrrrulldrrrdddlllddlldddrddllululuuruuuluuuuururrddldrrrrllluuulldldddddrdddlludrruuuluuuuururrdddrrulrrrrddddlllddlldddrddllululuuruuuluuuuururrddldrrurrrrddddlldddrrurruruuuulullllllrrrrddddlldddrruudrruruuuululldddrdllldldlldddrddllululuuruuuluuuuururrddrrrrrruurrrrddddddddddrdddllulluluuluuuuuuurrdrddddldldluudrruruuuululldddrdldddrddrddluuuuluuuuuuurrdrddddldldludllullldddrrrrddrluurllllluuurrrdrrurruruuuululuurrrrddddddddddrdddllulllldlllrrruullllluuurrrdrrurruruuuulullllllluulldldddddrdddlddrdrdrdrurrrruullllluurrrlllddrrrrrddllllllululuurrrlluuuluurdddduuuuluuururrddrrrrrruurrrrddddddddddrdddllulllldllllllululuurllulluurrrlllddrrdrruuuddlldrddrdrdrrrrrruullllluullrrddrrrrrddllllllululuuruuulldurrdddrrurrdlllllruuuluuuuururrddrrrrrrrdrddddldlldlllulldddrrrrrddlludllllululuurrrddrrrddlludllululuurrrddrddrrrrurrdlllllrrrurrrrdrruuuuluuuuuuuuullllddlllllluulldldddddrdddlddrdrdrdrullululuurrrurrdlllluuuluuuuururrddrrrrrddddddrdlllluuruuldrdddrruuuuuuulldrurdddduuuulllldrrulllldrrurrrrrrdrddddldldddrdrrdrruuuullldrurrddddlluuulurddddrruuuluuuuuuuuurullllulddurrrrddddddddddrdddllulluluuururuuuulullllllrrrrrrdrddddldlldllullldlluuuluuuuururrddrrrrrddddddrdluuuuuuulldrurdddduuuulllldrrulllldrrurrrrrrdrddddldldddrdrruuludrddllldllluurrllddrrrurrruuruuuuuuuuuullllddrdrddddldlddduuururuuuulullllllluulldldddddrdddrrddrrrllluuurrdluldurrruuldrdlldllluuuluuuuururrddrrrrrddddllulddurrruuuurrdrddddldlludrruruuuululldddrdllruuuullllluulldldddddrdddrrrrruuluurddurruuuullllluulldldddddrdddrrrrrrruuuuuuuruurrrrddddddddddlddlluluuluuuuuuurrdrddddldldluudrruruuuululldddrdllldldldrrluuruulddurrruuuullllluulldldddddrdddrrrrrudlluruurrrdddlrrddrdrruulurdruuuuuuuuurullllulddurrrrdddddddddldddlluluuururuuuulullllllrrrrddddlllddldllluuuluuuuururrdduulldldddrddduuuluuururrddrrrrrdddddddllllllrruruurrruuuulldrurdddrdlllulddurrruuuulllldrrrurdddrdllluldrrruuuulllllldrrrrrurdddrdlllrrdddrddrddluuuuluuuuuuurrdrddddldlruruuuulullddddddrdddddllluurrllddrrruuuullllllrrrrruuuuuuurrdrddddldlruruuuulullddddddrdddddllulurrlddrruuuulllllrrrruuuuuuurrdrddddldlruruuuulullddddddrdddlldrdruuuullllrrruuuuuuurrdrddddldlruruuuulullddddddrdlll
sasquatch-iii-035	llluldddrddlddrrudlluuruuluurrrrrdrrullrrdddrrrrrrddllludrrruuuuuulldlllldddrrrrrllddrrruuuuudddlllllluuurrrrurrurddduulllddduulllldddrrrrrllddrrruuuuudddlluuuurrurddullldlllldllurrrrrllldddrrrrrruuuullddduulllldddrrrrrllddrrruuuuudddlluuuurrurdlllddddlddllluuuulurrrrllldddrrrrrruuuullddduulllldddrrrrrllddrrruuuuudddlluuuurrlldlllllllllldlddrddldldrdrrrludlluuuruuluururrdrrurrddddlluluulurrrrrrrllldddrrrrrruuuullddduulllldddrrrrlddrrruullllrddlllulldluuuulurrrrrrrllldddddrrruurrruuuullddduuurrddddddllluurlddllluurrlluuulllllldlddrddldddrruldrrruldrrruluuluuuuurrrddddlldluuuuddddrdddllurdruuulurrluluururrrrrrurrddddddlllllluudlluluururrrrrrdddlddlllulluluulurrrrrrrllllllddddrrrdrrrrrruuuuuulldurrddddddllluurrllddrrruuuuudddlllddllluurrrrrllddrrruuuuddlllllldlluluuurrrrrrrdduulllllllddddrrrurrrrrllddrrruuudlluuulldduulllllddddrrrurrrrrllddrrruulllllldlldddlldllurrrdruuulurrluluuurrrrrdddlldlluluuullldlddrddldldrrrrrdruuuluuuuurrrrrdddlldlldluuudddrddllllluurdldrrrrdruuuddlllluuuuluururrrrrrrrdddlldlldluuddrddlllluurdldrrrdruuuddllluuluuluururrrrrrrrdddlldlluldrdddllluuluurdddldrrrldrruuuddllluuuulluururrrrrrrrdddlldlldddllluuuulluurdddddldrrrrdruuuudddllluuuulldddldrrrrrdruuuddllluuuuluuuuldddddddldrrrrrdruudllluuuuluuurrrrrrddduuulldrurdduulllldrduurrdluld
sasquatch-iii-036	lurrddlluulldrrllllllllllllllllrruuldldrrrrrrrrrrrrrrllllllllllllddluuuddddllurldllururrlldlluurduluurdrdrluluurrdlddruluurrdurdrddlullddrurrdlurrrrrrrrrrrrrurrdllllllllllllllrrrrrrrrrrrrurrrrdluruuldulldlddddrdrrudrruruulruululllldlddlllllluuuuuluuruudrdulurldddurrdlurruldlluurdldrrllldddrruuullddrdrulluurdduullldrurruulrdddluruulddllurrdrddlurulullddrluurrdlrrddlururrdldlluluururrd
sasquatch-iii-037	rrrdrrurrdrullldllurrrrllluurulrrruururuuluuruldddrddluuuudddllulduuudddlluluuulllllulldlluldrrrurrdllllrrrddldrlllddldlddrddldruuuluurdddduuurrdrurrdrdddrruuuululddullldddlddruuuulurrrllllluuruurruruurrrrrrddddrrrrrrddlddllldddllllllullrdrrrrrrruuurrruuruullllluluuullllllddldllddlddrrdrddlddruuudrrdrrrrrrruuurrruuruullllluluuullllllddldllddldddddlddrurluuuluurdddduuuuuruurruruurrrrrrddddrrrrrrddlddllldddlllluuuulllllllrrrrrrrddddrrrruuurrruuruullllluluuullllllddldllddldddurrrrrrrrddddrrrruuuuurudldddddlllluuuulllllllluuruurruruurrrrrrddddrrrrlddldddddlluuurldddlluuuulllllllluuruurruruurrrrrrddddrrrddldddulldddlluurlddlluurruulldulllllluuruurruruurrrrrrddddrrrddlddllullluldrrrrdrruuruullldldlldrrlddddrruuddlluurluulllllllluuruurrrddlduruulllddlddrrrrrlluuruuuuurrdddllddlddllluuruurrllddlddrrruuruuuldllulldrrrlddlddrrruuruurruuulllllulldrdurrrurrdllllrrrrrdddlluuddrruuulllrrrrrddlruurrddllddrdrurrruuulluldulllllldddrrdrruuuurrdrrrdddllldldlludrrururrruuullullllldduurrddlrddlruuuurrdrrrruuldddullulllddddlddrrururrrddlddrrruuruuuuuruuldlrdddrddluuuudddddlddllluuruurrllddlddrrruuruuudddldddrrulllruuruulllllldldldddddrrrrrrrdrruludllldllurrrrllllllluuuuurururrrddldddduuuuruullldldldddddrrrrrllllluuuuuluurrlldrr
sasquatch-iii-038	rrdrrrrlllllulddddduuuurrrdlluldduurrrrrrurrdllllllluldrrrrrrddddddrddluuuuuuuddddddllllllllllldllurrrrrrrrrrrrllllllllllluuuuuuuluurdddddddduuuuuuurrrrrrdrrulllllllrrrrrdrrrrrrurrdllllldlluurdrrrrddddddrddluuuuuuuddddddllllllllllldllurrrrrrrrrrrrllllllllllluuuuuuuluurdrrrrrrdrrrrrrurrdllllllrrrrddddddrddluuuuuuuddddddlllllllllllluuuuuuuluurdrrrrrrrrdrrrrurrdllllulrdrrdddddddlllllllllllluuuuuuulurrrr
sasquatch-iii-039	urrrrdullllddrrlluurrrrddddldlluuluuurrruurdrrrrrrdddrrdrrrruulululllulddduurrrrdrdrddllulllldllurrrrurdldulluuullllllldllldddrddrruruuuulurrrrrrrdddrrrrdrruulululllulddduurrrrdrdrddllulllldllurrrrdrullluuurrrrdrdrddllulllluuulllldurldluldrrdddddddrruulrddlluuuuuuulurrrrrdddrrrrdrruulululllulddduurrrrdrdrddllulllldllurrrrdrruldlulluuurrrrdrdrddllulllluuullllddddddddlldddrdrdrrrdrrrruruuuuullddddlluuuuuulllrddlluuuuuuulurrrrrdddrrrrdrruulululllulddduurrrrdrdrddllulllldlludrruuuullllddddddrrrrddddddrruuuuuulllllrddlluuuuuuulurrrrrdddrrrrdrruululullldldddllurrrrrldrlulluuruulddullllddddddrrrrrrddddlrddlluuuuddrruuuullllddddrrddrruulrddlluulluullddrrrrrlddrruuuuddlllluuuulluuuuulllllldddrddrruruuudddldlluuluuurrrrrurdddddddurrddddrrrruurrdddddldllllulllululuuurrrluurrdddullddrrrrrllluulllldddrdrdrrrdrrrruruuuuullddlllluuuulluuuuulllllldddrrurldlddrruruuudlldlluuurrrrrurdddddddurrddddrrrruurrdddddldllllulllululuuurrrluurrdddullddrdruuulluuuuuuullllllddrrrlldddrruruuudlllluurrrrrurddddddddrrddlludrrrrrruurrdddddldllllulllululuuurruurrddduuullddddrrlluurlddrruulllldddrdrdrrrdrrrruruuuuullddlllrrruurrdddddldllllulllululuuurrddrdrurrddrruu
sasquatch-iii-040	ruururuuldlrrddllululuulldurrddrdrdrrddrdrdluuulullddllddlldddrurlluurrdrdrddrrudlluulululluululurllululullluurrrrdrdrrllulullllddrrdrrdrdrdddrrdrruurruurrddrddrrdrdrdrrrddllllulullrrdrdrrrruulluulululldluudrrrdlrrdddrrruulldlluluurdrdulldrdrdrrruulldldrrluurrdduulllululluurrdulldldddrulurdrrrddlululldrrrrulldludrrdrdrrruulllllulluururrdrrdrdulullulldlddrrdrdrdrrruulllrruuluurddduulllulldlddrrdrurdldrdrrruulllulllluuluullululuururrrrdrdrddrrrrrrdrddllulldllulldlluulluluuddrdrruulldludrdrurulddrddrruldluuluurrdlddrrrrdrrurrdrruululllllluululullldlurrrrdrdrddrrrrrrdrddllulldllullldddruuddrrrdrruulullulldlluulldddrdrruuruldludrdddruuuddrrrdrruulullulldddrrrddlurullldluurulddrrrdlrrrruuluurddduulllulldddrdrdrdrrruullldlurulldrrrruuulllulldldddrurrdlrrrruuurrdluldduulllulldlddrrdrdrdrrruulldldrulluurllllllrrrrrrdldrurruuulllduulldlddrulddrrrlullllulullddlluuluullululldrdrdrrurddulllurlluuulllddrrurrdrddluludrrulululllddrrurullrddlluurrdrrddlurulddrdrrddlludrruuruuldrdldrrddrruuululrdrdddlluulldllulluludrdrrdrruuulluululllddrrrllddrddluuuddrrrdrrurrddrrdrdrddlldlllululuulllllluluurrdrrurrdrrurrddrrdrdduulullddrrurdlllururdulluulldllulldllullddrdrrrrrrddrdrdrrrurldlllululuulllllluluurrdrrurrdrrrurddrddlluruuululuurdddldrurduluulllluurdldrrrurddldruullluululllddrrrurdldrrrurdddldllulldluuuddrrrdrruuulluululllddrrrurdldrrlullldddrrrdrruuruuldllullldddllurdruuddrrrdrruruullluululllddrruruldrrddluruldlldddrrruddrruruuulllrdrd
sasquatch-iii-041	ullllllllllllddlldlddllldlllddddrdrrllddrrrruuuuulllddldddrrrddrurrrrruurrrrrurruruuruuldddduulllluulldldrrrrrrrddldlldlllllddllllllullluuuluuuurrrurrrrrddrrrdrrrrrrrddldlldlllllldrdluurrrdlullddrdrulluurrrrrrurruruulllllllullluullllldlllddddrdddrrrdrrrrrrllllllullluuuluuuurrrurrruururrdrddduuuullldlddllldlllddddrdddrrrdrrrrruurrrrrrurruruullllllluluuuuullldlddldllurrruururruullllllldddrdduuuluullllllldrrrrrrdrdrddrrrrrddlullrrdrddluurulluuururrdrddddldlluurdulluuulurrrllddddrdrrruuuuluudllldddllluuulluurrrrrrrrrrrdrrulllllllllllllllllrrrrrrrrrrrrdddllrrrddddllulluuulurrrdruudllldddllluuulluurrrrrrrrrrrdrrullllllllllllllldrrdrdrddrrrdrruldluuulurrrdruudllldddllluuulluurrrrrrrrrrrdrrulllllllllllllddrdrddrrrdrdddrdrrruurrruulldllllrrrddldlluluuuruldluuulurrrdruudllldddllluuulluurrrrrrrrrrrrrrrrrrrllllllllllldddrddddrrurrddldlruruulldlllllddrdrrruudrruruulldllllrrrddldlluluuuruldluuulurrrdruudllldddllluuulluurrrrrrrrrrrrrrrrrllllllllldddrddddrddrruldlurullllrrrddldlluluuuruldluuulurrrdruudllldddllluuulluurrrrrrrrrrrrrrrllllllldddrddddrdrrrrrrrurrdlllllllldlurullllrrrddldlluluuuruldluuulurrrdruudllldddllluuulluurrrrrrrrrrrrrllllldddrddddrdrrrrrrrddrddluuuuruuldrdllllllldlurullllrrrddldlluluuuruldluuulurrrdruudllldddllluuulluurrrrrrrrrrrllldddrddddrdrrrrrrrddldllddrulurrurrddluuuuruuldrdllllllldlurullllrrrddldlluluuuruldluuddrdrrruuuuullllldrrrurrdddddrdrrrrrrrddldlldllllllddrulurrrrrrdrulurrurrddluuuuruuldrdllllllldlurulllldluuruldluuddrdrrruuuuullllldrdddrdrrrrdrrrrrrrddldlldllldlullddrdruudlluurrrrrrdrulurrurrddluuuuruuldrdllllllldlurulllldluurulllrdrdrrrrdrrrrrrrddldlldllllddlulurrrrrrdrulurrurrddluuuuruuldrdllllllldlurulllldlurrrrdrrrrrrrddldlldllllllddlllllullluuuruurrdrddddldrrrrrrdruulurrrrrdrulurrurrddluuuuruuldrdllllllldlurulllruuuuulllldddrrddrdlurrrdrrrrrrrddldlldllllllddlluldllullluuuruurrdrddddldrrrrrrdruulurrrrrdrulurrurrddluuuuruuldrdllllllldlurullldlurrrddldlludrrururrrrrrrddldlldllllllddllulllllluuurrdrluluurrdrddddldrrrrrrdruulurrrrrdrulurrurrddluuuuruuldrdllllllldlurullllrrrdrrrrrrrddldlldllllllddllulllllluurrrluluurrdrddddldrrrrrrdruulurrrrrdrulurrurrddluuuuruuldrdllllllldlurulllruuuuuluullllllllddrdrddrrrrluuurrdlulddduuurrrrdllluldduurrruullllllllddrdrddrrrllluuululurrrrlllldllurrrrrllllldllurrrrrrlllllldllurrrrrrrdddrddrrruuurrruurrrdrrullllllrrrrdrrrrulllllllrrrdrrrrrrullllllllrrdrrrrrrrrulllllllllrdrrrrrrrrrrullllllllll
sasquatch-iii-042	lullldurrrddllurdrurrdlddrrrrrrruurruurruulluulluulldddullddrluurruurrddlruullddllddlllllllllluullddrrrlllllddrrddrruuudddllllddrrddrruuuuurrrrdrruruuddldllulllldddrrrrrrrrrrrrrrddrruulllruurruullddduuuuuuullllddrrlllluulluullddduuurrddddlluuuurrddlrddlluulrrrrrddllrdddddulllulllldddrrrrrrrrrrddllddrruuudlluuluulllulldrrrrurddulllulllldddrrrrrrrrluulllurrdruuudrrrrdrrllurddlllluldduullllllldlluulluurrrruurrrrrrddrrrruurrdurrddddrrddddlluurruullddulrdrrddllddllllddlluuuullllrrruuullurdruudrrrdrdllluldduullllllldlluulluurruurrrrrrrrddrrlluuuulldddurrddrddrrrdrrrrdrrddllddllllddlluuuullruuullllllldddddddrruuudrrddrruulrddlluuudrrudllllddlluulluurruulluulluurrrrddduuullllddrrddllddrrddrrddrruulrddlluuudrrrrrrrllllllllluulluurruulluurrrrdddrrdrrrrrrrrurrrrdrrddllddllllddlluuudllllllllllllddrulurrrrrrrrrrlllllllllddrulurrluulluurrddduuuuuuurrdddrrrurdrruruuruullddrdddrrrrrrlllllllllurrdruudllllldlluuuuullddddddduuurluuuuuullddururdddurrrruulldddullulldrrrruurrddlllrrrrruurrddlllllrrrrrrrddlruurruulldddurrrruurrddrrddrrddllddddllddllllddlluulrddrruulrrrrruuddlruurruuuurruulluulllllllllrrrrrrrrrddrrddlllluuudddrrrruulluulllllluullddrluurrdddurrrrrrrruulldurrddlllllllllrrrrrrruurdrdlllrddrrddlluuudlrddddlludrrddrruulrddlluuuuudddddllduudddllddrruuudrrddrruulllrudrrdldlu
sasquatch-iii-043	drrddllddllururrrrruuuuuuulllllullldlruuldldddlllddrdrrdrrdddddrrudlluuuuullulluluurrrrrddlurullldrrdrululuuurrrrrddlurulllrrddrddluudddlruuururrrrrdddddddllllluluuudddrddddldlluuuuullulluluurrdrrdrrlululldrrdrrdrdrdrrrrruuuuuuulllllullldlruuldldduurrrrrdrrrrrdddddddlllllulululullluruuurrdlulddduuurrrrrddlurulllrrdrrrrrrdddddddlllllululululluuurrurrddrddluuruullldlldddrdrrdruudddrdrrrrrrruuuuuuullllllrrrrdddddddllllluluullulluuurrurrrddduurrrrrdddddddlluullulllrrrdrrullrruulddrdddllluluurrrurddduullllddrdrrrrruuuuuuurrdddddddldluuuuuudddddrruuuuuuulllllllullldlldddrdrrrrrrlllddrdrrrrruuuuuuddddddrruuuuuuullllllrrrrdddddddllllluluurrrurddduullllddrdrrrrruuuuuuurrdddddddldluuuuuudddddlluuullllllulluuurrurrrddldduuruulddduuulldlldddrdrrrrrrlllddrdrrrrruuuuuuddddddrruuuuuuullllllldluruldrrrrrrdddddddllllluluurrrurddduullllddrdrrrrruuuuuuurrdddddddldluuuuuudddddrruuuuuuullllllllddduuurrrrrrrrdddddddlllllllululurrrrlllddrdrrrrruuuuuuddddddrruuuuuuullllllrrrrdddddddllllluluuuuuuurdlddddllulluuurrurrdddddrrrurddduullllddrdrrrrluuulllluuuurrrrrrrrdddddddldluuuuuudddddllllldluuuddrrrruuullllldrdddrddluuuuulurrrrllldddddrruluuluuuuuurrrrrrrrdddddddllllllddrdrrullluurrdullddrdrruluulldlldruluurdduuluurrrurddduulllluuuurrrrrrrrdddddddlllllldlluurdlddddllurdruuuuuulurrrrurddduulllluuuurrrrrrrrdddddddllllllrruuulllluuuuulldlldddrdrrrrrrurddduulllluuuurrrrrrrrdddddddlllllruuullllddddddlluuuullulluluurlddrdrrdrrddddrruuuuuuuuuuulluldrdluldduurrrrdddddrrdrurdduulllluuuurrrrrrrrdddddddlluuuuuuddddddrruuuuuuullllllrrrrdddddddll
sasquatch-iii-044	ruururururruruulldlrurrdllrddluruuullululuulldlddrdddrdulldurruddrullldrrlduuuuuluururrddrdrdrdrddldldldldlddluludrrurururururuuullululuulldlddldrddlrrdluuruluuururrddrdrdrdrddldldldldldllululululluluururrrrllururdlldlldlddrdrrdrdrddrrrurururururuuullululuulldlduruuldduldduurrrrdlulllddldldlldlddrurudlddrululurrlurr
sasquatch-iii-045	ruururruururruulluluulluluullddldllddldllddrrdrddrrdrddrruururruululudrdrrurruulluluulldldlruruuluullddldllddrdrdululldllddrrdrddrrururlddduuuruulddduurruullddddlddruuldllurlululluurrrlllddrulurruruurdururuurrddduuulldrurddrdrrdlrdrdrrddlllrrruuldrdlldlddludldlddlluuudddrruldluu
sasquatch-iii-046	ldllllllllllddddlddrddddrrrrrrrruuururdlldddrruldludlllllllluuuurrrrrrddduuullllllddddrrrrrrrluuuullddduuullllddddrrrruuuurrdlulllllddddrrrruuudddlllluuuurrrrddddlluuudddlluuuurrddddrruldllluuuurrddduuullddddrrlluuururdlldddrruldlurrrrdluruurrddlluuulldllurlluurrrrrrrrrrruulllllllllrrrrrrrrruulldullllllllddrrrrrrrruurrddddlllllllllluurrrrrrrrdullllllllddrrrrrrrrlludlllllluurrrrrrddrruuuullllllllddrrrrrrudlllllluurrrrrrlldullllddrrrruurrddddlllllluurrrrdullllddrrrrlludlluurrddrruuuullllddrrudlluurrldrdddllurdrudrruuuurrddddllrruuululdrrdddllurdrudrruuuurrddddllurdrulluuurrdluldurrurrdrrrddrrrruurrdlulllllddrrrrddrruuddllurlulllluurrrrrddllludlluullddrruldrrrrrddllllluurrdullddrruuluuldrdrrrrddrrruullllllddrururrrrddllllullurlluurdrddrdrrrruullllrruulldurrdllllrrrdrrrddllluuddrrurullrdluuurrdduulllldrurdllllulldrrrrurrrrddldldllurrdrrudrddldduulldluldullddddrruuudddlluuuurrddddrruldludlluuuurrddduuullddddrruuululdrrrrurrdllllddrrudlluurrdlururrddllullurrdddlludrulddllurrurruulldulldrddluruurrrddllulurlldrrddlludruruulduldulldrrurrdddlluulurlllldrrurrddddlluuulurddddrruuulldddllurdrrruuulldduurrdddllrruldlulldrrurruullulldrddludrrrruullulddurrrddlludrruuldurulddrdrruuulrdlrdrruulrdldrrruulrdldlddruullldrldrullldrulurllldrldruullldrldruuuuldrdrrrrdrrulrrrdlluuurddrrulrulddddru
sasquatch-iii-047	ldllllllllllddddlddrddddrrrruluuurrrrrlddrluurdullllllrdlrdlrdluuurrrrdrddldllrruruullluldlddrruddrrulrruulllrrrddlurulrrrrddlllrrdluluurdurrdllurrulldllulldrrrlulllldrrrllldddlluuuurrlldrrrlllddrulurulluururuddrrulrullrudddrrrrrrruruuulllllllddduuurrrrrrdrddldlllllluurulurrrrddlllullddruddrruluuurrrddlldluddrrrrruruuldrddllllluurrrrlluurlddrdururuurrdrrrrrdddrdrrrrrddlddddllllulldlllluuuurrrrdduullllddrlddruuluurrrrddllrruullllddddrrrrurruddrrrurulruulddrddlllluurrllddrrrruuuulllldllurrrrllllllllddddrrrrurrdllllrrrrrrrruuuuruullllluluuullllldduurrdlurrrrdddldllludrrrulrrrdluuullrrdddrrrulurddrruldlluuruulllrrrrrdduulldrldlddruluurulddddlluuurrurrdluldllllulldrrrrrrllddlludrruullddrrdrrulluullddrldrrluluurdlddrurrrlllldllurruurrdldllludrrruuldrdldlluurrurrrrurrdllllddlluurldddlurrrrrdrrulllllldllurrrluuulldrurdulllulldlddllurldllddrruruululdulduldrrrrddluddllur
sasquatch-iii-048	rrrrrrrruulllulddurrrrddlllllluullluldddrrrllluurrrrddrrrrrruuudddrrruuuuullluldddrdddlllluurrrurdduuluurrrrddldddlllllllllrrruurrruuuuruuluurddddldrrrurdddduuullluuuuuluurddddddldrrrurddduuuluuruulddddrdllluldddrdddlllluurrrurddullllddrrrruuuluurrruuuruuuulddddddrdllluldddrdddlllluurrrurdduuluurrrrddrdlduuldduuruulllldddlllddlluullllddrrrrrrrrlluuuruullluldddrdddlllluurrrurddullllddrrrrrrrluuuruullluuuluurddddlddddrddrruuuruullluldddrdddlllluurrrurddullllddrrrrrruuuruullluuuuuluurddddddlddddrddrruuuruullluldddrdddlllluurrrurddullllddrrrrrllllllllllluuuruullluldddldrddrrrrrrruulllulddurrrrddllllrrrrrruurrruuurrruuuruulddddrdllluldddrdlllulddurrrrddllllllrruurrruuurrruuuuuruulddddddrdllluldddrdddldrdrululllluurrrurddullllddlddrulurrrlllluullllddrrrrrrrluuruuullluldddrdddlllluurrrurddullllddrrrrrruuuruullluuuluurddddlddddrddrruuuruullluldddrdddlllluurrrurddullllddrrrrrluuuluurrrrddlddduuuruullluuuuuluurddddddlddddrddrruuuruullluldddrdddrddrulullllluurrrurddullllddrrrruuuluurrruuuruulddddrdllluldddrdllluuulllldddddrrrrrrllllluluuuurrrrddldduuruulllldddddrrrrrlluurrruuurrruuuuuruulddddddrdllluldddrdllluldduuruulllldddddrrrrluuuruullluuuluurddddlddddddrrruuuruullluldddrdduulldrddrrruuuruullluuuuuluurddddddlddddddrrruuuruullluldddrdduulldrddrrluluurddldruuuluurrruuuruulddddrdllluldddldrurdduuluurrruuuuuruulddddddrdllludulddddd
sasquatch-iii-049	drrurrrdrrrurrdrurrrdrrrurrdrurrdlrdldddrdddldldlllullldlluldlllullldlluldlluuruuuluuudrudrdrrurdrrrurrdrurrrdrrrurrrdrruudddddlulldllullldlllulldlullldllululudruddrdrrurrrrrrddddllulllldllllluuruuluuuurruurrdrrrurrrrrrrrlllldrrullllldrrrllllllurrrrllllllldrrrrrllllldlllluurrrrrrruullllldurdurrdlurrrldlldddllddddrrrdrrurrrrrrddddrrrurrrrrlllldrrlllllurrrlllldllurrrrllllllldrrrrrllllllllurrrrrrllllllldllurrrrrrrllllllulllddrrrrrrrurrdrddllllllludludrruurulluuuuddduurrdrrrurrrrrdrrrllurdlullldrrullllldrrrllllllurrrrlllllldrrrrllllddrrudlluurrludldllluurrllddrulurddrruruuurrruuullldddddrdlrddllulllddrurlluurdldrurrruuuuuulllldrldruurrrddddddddddrudrudrrrruuddludlludrrullldlluuurrrrduldullldddrrrrudllurdllluuuuurduurrdlluldrrrdduuldrdrrlluuurrdlllrrrrrurrddddllldldlluuuuluurrdlullluurrdlurrrrurrrrrrdrrrurrrdrrrddllldllulldllulllldllullluuuruulddrdluuulldrurdduulluurrdddlluuuulldrrudrurddulldddrrruudrrulldldlluuuurrrddrdldllllllluurdldrrrruuurrrdddllrruurrrrdllluldrrrrrrurrrrdrrurrrrddrddllulllldllullllllldlluruudddrrulrrrrrrdrrrurrrdrrruuluulllldllulllldlllldulluuurrddrdluuulldrurdurddrdlrrrurrrrdrrurrrrddrddddllldllulldllulllldlluudluddrrrulllldddruuddruururrrdllllrrrrdddlluulllrrrddluddluddllurdrululdldllurrrdrurrurrruuulllrrrdlrddlluudldddrrudluluururuuldduurrrrdrrurrdrrurrruullulllldllulllldddrdluuuulldrduurrdlurrrdrrrurrrdrrruuluulllldllulllldlldurduruldlluuurrddrdluuulldrurddrrrruulldurrddlllrrrululrddrrdrrurrrrddrddllulllldlluluuulldrduurruullddrrululdrdrrdrrurrrrddrddllulllldlllllrdurrrrurrrdrrrddllldllulldllullrrdllddrudruddrrulldrrrrddlllluurrrrurrdrruuuuruullulllldllllddlddddrluuuuruurrrrurrrdrrrddlddddllulldddllllludrrrrruuurrdrruuuuruullulllldlllllddduuurruuuurrdluldduuruulddrdrrrulllrrrrrrrddrddddllldllullllrrrrdrrurrruullulllldllldurrrurrrdllllllrrrrrrrrruuluullllldddrdllluruddrruluuulluurrdduuldrdrddlddrruluuuluurddrrrrddrddllullluudddrrrrruuluullllddddrrrrrddllldllullrudludrrdrrurrddddllulldlluuudddrrurrdrruuuulldlllrrrurrddddllullluudddrddluuddludllurrdruruurrdrruuulllluruddrruluddrrdddlluuuddludrdrruldluuldldddrruuruldddrruldluuddllurdrurruuurrrddllrruuldulldduurrdldllddrruuurrdulluuuuuddddddddluruuurrddluuluuuullullluuurrrrddrdddddduuuuldrdddrruulrddlluurrdlulululullluuurrrrddrddduuurrdlrdluullduuulldrurddulldulduuldrluuurdduurddrrddrrruullllluurrddululdrrdrrrddllluuddrrruuldlrrddlurulullluurdurd
sasquatch-iii-050	rrrrrrrrddlldlllulldrrrrdrulurrlldlllddlddruuuddllldllurrrrllluuruuldllulllluurrrrrrrrrrrrrrrrrrrddldlluudllldllulldrrrrdrulurrlldlllddlddruuudldllluuruulddduullulllluurrrrrrrrrrrrrrrrrrlldddrrruuruulddddrdlluldddldrrluuluuuudllldllulldrrrrdrulurrlldlllddldlldllurrrrdruuudldllluuullulllluurrrrrrrrrrrrrrrrrrlldddrrruuruulddddrdlluldddldrluuuuuudllldllulldrrrrdrulurrlldllldddrrdrrullllllldllurrrrdruuudldllluuullulllluurrrrrrrrrrrrrrrrrrlldddrrruuruulddddrdlullddluuuudllldllulldrrrrdrulurrlldllldddrrdrddrddluuuurullllllldllurrrrdruuudldllluuullulllluurrrrrrrrrrrrrrrrrrlldddrrruuruuldddldlddluuuudllldllulldrrrrdrulurrlldlllddldllluuullulldrddlddrurrrrrrdruuudldllluuullulllluurrrrrrrrrrrrrrrrrrlldddrlddduuuullldllulldrrrrdrulurrlldllldddrrdrdddllulldrddlddrurrdrruluuuuuurullllllldllurrrrdruuudldllluuullulllluurrrrrrrrrrrrrrrrdddduullldllulldrrrrlllddldllluuullulldrddlddruuuurulllrdrdddrrrrrruruurrrurrruullllllllllllllllllldddrrruulurrrrrrrrrrrrrrrrrrlddllldlllddldllluuullrrdddllluuurulllrdrdddrrrrrruruurrrurrruullllllllllllllllllldddrrruudrrdrdddrrdrddrddluuuuuuurulllrrdddllluuurulllrdrdddrrrrrruruurrrurrruullllllllllllllllllrrdddllluuluurddddldrrurdddrdllrruuuuuudrrdrdddrrrrrrrrrdrdddllulldrddlddrurrdruuuuuuurullllllllllrruuulllddlddruuuurulllrdrdddrrrrrrrrrdrdddllulldrddldrrrdruuuuuuurullllllllllrrrrruruurrrurrruullllllllllllllllddduuullrdrddllululuurddddldrrurdddrdlruuuuuudrrdrddlddruuuurulllrdrdddrrrrrrrrrdrddddddllluuurrlldddrrruuuuuurullllllllllrrrrruruurrrurrruullllllllllllllllllrrdddllluuluurddddrrrddduulullldrurrrurrdrddlddruuuurulllrdrdddrrrrrrrrrdrdddlllddldlldllurrrrrrrdruuuuuuurullllllllllrrrrruruurrrurrruullllllllllllllllllldddrrruudrrdrddlddruuuurulllrdrdddrrdrdddllulldrrrllddlddruuuddrrrrrrrrrdruuuuuuurullllllllllrrrrruruurrrurrruullllllllllllllllddduuullrdrddllululuurdddrdrddruuuudrrdrddlddruuuurulllrdrdddrrdrddrddluuuurulllrrrrruruurrrurrruullllllllllllllllllrrdddlddruuuudrrdrrrrdddrrruruurrrurrruullllllllllllllllldrdrrdrddlddruuuurulllrdrdddrrdrdddllulldrrrlldddrrrrrruruurrruuuullllllldddrddluuuurulllrruuulllddlddruuuudddrrrrrruruurrrurrruulllllllllllllllldddllululuurdrrrrrrrrllllldddllululurrrrrrrrlllldddlddruuuulurrrrllldddddldddruuuuuuulurrrlldddlddddddlluluurdrrdruuuuuuulurrldddlddluluuulurrrrllldddrrdruuuddlddddddllulurrrdruuuuuurrdrrulllrdrdddrrrrrruruurrrurrrdrrururuuldllllllllrrrrrdddrrururullllllllrrrrddddrdruruuurulllllllrrrrrrdddlldluuurulllrrddddrddluuuuurullrddddddrddluuuuuuurulddddddddrdrruruuldlldluuuuuuudddddddrdrrurullldluuuuuulllddrulurr
